        #        #        #        #        #        #        #        #        #        #        #        #        #
   ED5-1  Wye, 30 Degree, Converging (Sepsy 1973)
                                              Cb
           Qb/Qc->     0.01      0.1      0.2      0.3      0.4      0.5      0.6      0.7      0.8      0.9      1.0
    As/Ac    Ab/Ac
     0.01     0.01  -193.00    -0.61     0.67     0.88     0.94     0.96     0.98     0.98     0.98     0.98   159.00 
               0.1   -19386  -159.02   -30.63    -9.82    -3.54    -1.09     0.00     0.50     0.74     0.83   175.00 
               0.2   -77545  -638.72  -125.19   -41.94   -16.81    -7.00    -2.66    -0.64     0.29     0.66   120.00 
               0.3  -174478 -1438.12  -282.67   -95.36   -38.81   -16.74    -6.98    -2.43    -0.34     0.50   114.00 
               0.4  -310184 -2557.21  -503.07  -170.08   -69.54   -30.31   -12.96    -4.87    -1.15     0.34   112.00 
               0.5  -484662 -3995.99  -786.40  -266.10  -109.00   -47.71   -20.59    -7.95    -2.15     0.18   112.00 
               0.6  -697914 -5754.46 -1132.64  -383.42  -157.19   -68.94   -29.88   -11.68    -3.33     0.03   111.00 
               0.7  -949938 -7832.61 -1541.81  -522.03  -214.11   -93.99   -40.83   -16.06    -4.69    -0.12   111.00 
               0.8 -1240736-10230.46 -2013.90  -681.95  -279.76  -122.87   -53.44   -21.08    -6.23    -0.26   111.00 
               0.9 -1570307-12948.00 -2548.92  -863.16  -354.15  -155.58   -67.71   -26.75    -7.96    -0.40   112.00 
               1.0 -1938650-15985.22 -3146.85 -1065.68  -437.26  -192.11   -83.63   -33.07    -9.86    -0.54   112.00

      0.1     0.01   -16.60     0.84     0.96     0.97     0.98     0.98     0.98     0.98     0.98     0.98      162
               0.1    -1758   -13.25    -1.80     0.01     0.55     0.75     0.84     0.88     0.91     0.97    10931
               0.2    -7039   -56.10   -10.12    -2.80    -0.63     0.19     0.53     0.69     0.75     0.78     3218 
               0.3   -15839  -127.28   -23.81    -7.31    -2.44    -0.59     0.19     0.52     0.66     0.70     1354
               0.4   -28159  -226.84   -42.88   -13.55    -4.89    -1.61    -0.22     0.38     0.62     0.68     1155 
               0.5   -43998  -354.79   -67.34   -21.52    -7.98    -2.86    -0.69     0.24     0.61     0.70     1094 
               0.6   -63358  -511.13   -97.21   -31.22   -11.73    -4.35    -1.23     0.11     0.64     0.77     1070
               0.7   -86237  -695.87  -132.47   -42.66   -16.13    -6.08    -1.84     0.00     0.71     0.89     1059 
               0.8  -112636  -909.01  -173.14   -55.83   -21.17    -8.05    -2.51    -0.12     0.82     1.05     1055 
               0.9  -142556 -1150.54  -219.20   -70.73   -26.87   -10.27    -3.25    -0.22     0.97     1.26     1054 
               1.0  -175995 -1420.46  -270.66   -87.36   -33.21   -12.72    -4.05    -0.31     1.15     1.51     1055 

      0.2     0.01    -6.97     0.92     0.97     0.98     0.98     0.98     0.98     0.98     0.98     0.98      162
               0.1     -795    -5.30    -0.24     0.54     0.77     0.85     0.88     0.90     0.93     0.98    12286 
               0.2    -3184   -24.17    -3.78    -0.60     0.30     0.64     0.77     0.83     0.88     0.98    22041
               0.3    -7170   -55.88    -9.77    -2.57    -0.50     0.25     0.55     0.67     0.70     0.71     3469
               0.4   -12748   -99.93   -17.94    -5.13    -1.45    -0.11     0.42     0.62     0.68     0.68     2407
               0.5   -19919  -156.51   -28.40    -8.37    -2.62    -0.52     0.30     0.62     0.71     0.69     2155
               0.6   -28684  -225.62   -41.13   -12.30    -4.01    -0.99     0.20     0.66     0.78     0.75     2063
               0.7   -39042  -307.26   -56.14   -16.90    -5.61    -1.51     0.11     0.73     0.90     0.86     2024
               0.8   -50994  -401.44   -73.44   -22.18    -7.44    -2.08     0.04     0.84     1.06     1.01     2009
               0.9   -64540  -508.15   -93.02   -28.15    -9.49    -2.71    -0.03     0.99     1.27     1.20     2004
               1.0   -79679  -627.39  -114.89   -34.80   -11.77    -3.39    -0.08     1.18     1.52     1.43     2005

      0.3     0.01    -3.87     0.95     0.98     0.98     0.98     0.98     0.98     0.98     0.98     0.98      162 
               0.1     -485    -2.77     0.26     0.71     0.83     0.88     0.90     0.91     0.93     0.99    12738 
               0.2    -1944   -13.97    -1.77     0.08     0.59     0.77     0.84     0.88     0.92     1.06    29267
               0.3    -4382   -33.06    -5.33    -1.09     0.10     0.51     0.66     0.71     0.72     0.74     7240
               0.4    -7792   -59.43   -10.08    -2.52    -0.41     0.32     0.59     0.67     0.68     0.66     3769
               0.5   -12175   -93.24   -16.11    -4.30    -1.00     0.14     0.56     0.69     0.70     0.66     3185
               0.6   -17532  -134.51   -23.45    -6.44    -1.68    -0.03     0.57     0.76     0.77     0.70     2987
               0.7   -23864  -183.25   -32.08    -8.93    -2.45    -0.21     0.61     0.87     0.88     0.79     2907
               0.8   -31169  -239.47   -42.01   -11.77    -3.32    -0.38     0.69     1.02     1.03     0.91     2875
               0.9   -39449  -303.16   -53.25   -14.97    -4.27    -0.56     0.80     1.21     1.23     1.07     2866
               1.0   -48702  -374.32   -65.79   -18.53    -5.32    -0.73     0.94     1.45     1.47     1.27     2868

      0.4     0.01    -2.41     0.96     0.98     0.98     0.98     0.98     0.98     0.98     0.98     0.98      162 
               0.1     -338    -1.58     0.48     0.78     0.86     0.89     0.90     0.91     0.93     0.99    12963 
               0.2    -1358    -9.20    -0.85     0.39     0.71     0.82     0.87     0.90     0.94     1.09    32881
               0.3    -3063   -22.31    -3.24    -0.38     0.39     0.64     0.73     0.76     0.78     0.85    19103
               0.4    -5449   -40.52    -6.48    -1.37     0.02     0.48     0.64     0.67     0.66     0.65     5255
               0.5    -8515   -63.71   -10.50    -2.50    -0.33     0.40     0.63     0.69     0.67     0.63     4186
               0.6   -12262   -92.00   -15.37    -3.84    -0.71     0.33     0.67     0.75     0.71     0.65     3850
               0.7   -16690  -125.40   -21.08    -5.40    -1.13     0.28     0.75     0.85     0.80     0.70     3718
               0.8   -21799  -163.90   -27.65    -7.16    -1.59     0.25     0.86     1.00     0.93     0.80     3666
               0.9   -27590  -207.52   -35.07    -9.14    -2.09     0.25     1.02     1.18     1.10     0.93     3651
               1.0   -34061  -256.25   -43.35   -11.33    -2.63     0.26     1.21     1.42     1.31     1.09     3654

      0.5     0.01    -1.60     0.97     0.98     0.98     0.98     0.98     0.98     0.98     0.98     0.98      162 
               0.1     -257    -0.94     0.60     0.82     0.87     0.89     0.90     0.91     0.93     0.99    13099 
               0.2    -1034    -6.62    -0.36     0.54     0.77     0.85     0.88     0.90     0.95     1.11    35049
               0.3    -2332   -16.42    -2.11    -0.01     0.54     0.72     0.78     0.80     0.83     0.96    30079 
               0.4    -4152   -30.26    -4.59    -0.79     0.22     0.54     0.64     0.66     0.64     0.64     6884
               0.5    -6488   -47.68    -7.55    -1.61    -0.02     0.48     0.63     0.65     0.62     0.59     5158
               0.6    -9343   -68.93   -11.13    -2.56    -0.28     0.45     0.67     0.69     0.65     0.58     4658
               0.7   -12717   -94.00   -15.31    -3.65    -0.55     0.44     0.74     0.77     0.71     0.61     4466
               0.8   -16611  -122.90   -20.12    -4.88    -0.83     0.46     0.85     0.90     0.81     0.68     4391
               0.9   -21023  -155.63   -25.54    -6.25    -1.12     0.51     1.00     1.06     0.94     0.77     4369
               1.0   -25954  -192.18   -31.58    -7.77    -1.43     0.59     1.19     1.26     1.12     0.90     4374

      0.6     0.01    -1.11     0.97     0.98     0.98     0.98     0.98     0.98     0.98     0.98     0.98      162 
               0.1     -209    -0.57     0.66     0.84     0.88     0.89     0.90     0.91     0.93     0.99    13189 
               0.2     -840    -5.12    -0.10     0.62     0.79     0.85     0.87     0.90     0.95     1.11    36494
               0.3    -1896   -13.00    -1.49     0.18     0.61     0.75     0.79     0.82     0.86     1.02    37396
               0.4    -3377   -24.31    -3.55    -0.50     0.30     0.55     0.62     0.63     0.62     0.63     8678
               0.5    -5278   -38.41    -5.94    -1.16     0.09     0.48     0.59     0.60     0.57     0.55     6104
               0.6    -7601   -55.58    -8.80    -1.92    -0.12     0.45     0.61     0.62     0.57     0.52     5415
               0.7   -10346   -75.83   -12.16    -2.79    -0.33     0.44     0.66     0.67     0.60     0.52     5157
               0.8   -13513   -99.17   -16.00    -3.76    -0.54     0.46     0.74     0.76     0.67     0.56     5058
               0.9   -17102  -125.60   -20.33    -4.83    -0.76     0.51     0.86     0.88     0.77     0.62     5029
               1.0   -21114  -155.12   -25.14    -6.02    -0.99     0.58     1.02     1.04     0.90     0.71     5035

      0.7     0.01    -0.82     0.97     0.98     0.98     0.98     0.98     0.98     0.98     0.98     0.98      162 
               0.1     -179    -0.35     0.70     0.84     0.88     0.89     0.90     0.90     0.92     0.99    13254             
               0.2     -721    -4.24     0.05     0.65     0.80     0.85     0.87     0.89     0.94     1.12    37526
               0.3    -1629   -11.00    -1.15     0.27     0.63     0.75     0.79     0.82     0.87     1.06    42622
               0.4    -2901   -20.82    -3.00    -0.38     0.31     0.52     0.59     0.60     0.59     0.61    10663
               0.5    -4534   -32.99    -5.09    -0.98     0.10     0.43     0.53     0.54     0.52     0.51     7023
               0.6    -6530   -47.78    -7.58    -1.67    -0.11     0.38     0.52     0.53     0.49     0.45     6126
               0.7    -8889   -65.22   -10.50    -2.44    -0.32     0.34     0.53     0.54     0.49     0.43     5799
               0.8   -11610   -85.32   -13.83    -3.30    -0.53     0.33     0.58     0.59     0.52     0.43     5673
               0.9   -14694  -108.07   -17.58    -4.26    -0.75     0.34     0.66     0.67     0.58     0.46     5637
               1.0   -18141  -133.48   -21.76    -5.30    -0.97     0.38     0.76     0.78     0.67     0.51     5645

      0.8     0.01    -0.63     0.97     0.98     0.98     0.98     0.98     0.98     0.98     0.98     0.98      162 
               0.1     -161    -0.23     0.71     0.84     0.88     0.89     0.89     0.90     0.92     0.98    13302 
               0.2     -649    -3.75     0.11     0.65     0.79     0.84     0.86     0.88     0.94     1.12    38301
               0.3    -1465    -9.88    -0.99     0.29     0.63     0.74     0.78     0.81     0.87     1.09    46542
               0.4    -2612   -18.88    -2.75    -0.36     0.28     0.48     0.55     0.56     0.57     0.61    12870
               0.5    -4083   -29.98    -4.71    -0.96     0.04     0.36     0.46     0.47     0.46     0.47     7918
               0.6    -5880   -43.46    -7.05    -1.64    -0.20     0.26     0.41     0.43     0.41     0.39     6796
               0.7    -8003   -59.34    -9.77    -2.40    -0.44     0.19     0.38     0.41     0.38     0.34     6395
               0.8   -10454   -77.64   -12.88    -3.26    -0.69     0.13     0.38     0.42     0.37     0.31     6243
               0.9   -13231   -98.35   -16.38    -4.20    -0.95     0.09     0.40     0.45     0.39     0.30     6199
               1.0   -16335  -121.48   -20.27    -5.24    -1.23     0.06     0.45     0.51     0.43     0.31     6208

      0.9     0.01    -0.53     0.97     0.98     0.98     0.98     0.98     0.98     0.98     0.98     0.98      162
               0.1     -151    -0.18     0.72     0.84     0.87     0.88     0.89     0.90     0.92     0.98    13340
               0.2     -608    -3.52     0.12     0.64     0.78     0.82     0.85     0.88     0.93     1.12    38903
               0.3    -1372    -9.34    -0.95     0.28     0.60     0.71     0.76     0.80     0.87     1.10    49590
               0.4    -2447   -17.96    -2.70    -0.40     0.22     0.43     0.50     0.53     0.54     0.60    15340
               0.5    -3825   -28.58    -4.65    -1.05    -0.07     0.26     0.37     0.40     0.41     0.42     8788
               0.6    -5509   -41.45    -6.97    -1.77    -0.35     0.12     0.28     0.32     0.32     0.32     7428
               0.7    -7499   -56.61    -9.66    -2.58    -0.65     0.00     0.21     0.27     0.26     0.24     6951
               0.8    -9796   -74.08   -12.74    -3.49    -0.97    -0.12     0.16     0.23     0.22     0.18     6771
               0.9   -12398   -93.84   -16.21    -4.50    -1.30    -0.23     0.13     0.21     0.19     0.14     6720
               1.0   -15306  -115.92   -20.06    -5.61    -1.66    -0.34     0.11     0.21     0.18     0.11     6731

      1.0     0.01    -0.48     0.97     0.98     0.98     0.98     0.98     0.98     0.98     0.98     0.98      162 
               0.1     -146    -0.17     0.71     0.83     0.87     0.88     0.89     0.90     0.92     0.98    13370 
               0.2     -588    -3.48     0.10     0.62     0.76     0.81     0.84     0.87     0.92     1.11    39385
               0.3    -1328    -9.22    -1.00     0.23     0.56     0.68     0.74     0.78     0.86     1.11    52029
               0.4    -2369   -17.76    -2.79    -0.50     0.14     0.37     0.45     0.49     0.52     0.60    18123
               0.5    -3704   -28.31    -4.82    -1.21    -0.20     0.15     0.28     0.33     0.35     0.38     9636
               0.6    -5335   -41.06    -7.21    -2.01    -0.55    -0.04     0.15     0.22     0.23     0.25     8024
               0.7    -7262   -56.09    -9.99    -2.91    -0.92    -0.23     0.03     0.12     0.14     0.15     7471
               0.8    -9486   -73.39   -13.17    -3.92    -1.32    -0.41    -0.07     0.04     0.06     0.06     7264
               0.9   -12006   -92.98   -16.75    -5.04    -1.75    -0.60    -0.17    -0.03    -0.01    -0.02     7204
               1.0   -14822  -114.85   -20.74    -6.28    -2.21    -0.79    -0.26    -0.09    -0.07    -0.09     7217
=====================================================================================================================
        #        #        #        #        #        #        #        #        #        #        #        #        #
   ED5-1  Wye, 30 Degree, Converging (Sepsy 1973)
                                              Cs
           Qs/Qc->     0.01      0.1      0.2      0.3      0.4      0.5      0.6      0.7      0.8      0.9      1.0
    As/Ac    Ab/Ac
     0.01     0.01     1399     0.54    11.76    40.23    79.81   129.88   190.30   261.03   342.07   433.42      535
               0.1    -2.45     4.85    21.22    48.21    85.83   134.10   193.01   262.56   342.75   433.59      535
               0.2    -4.20     5.61    21.83    48.67    86.17   134.34   193.16   262.65   342.79   433.59      535
               0.3    -3.00     5.88    22.03    48.83    86.29   134.42   193.21   262.67   342.80   433.60      535
               0.4    -2.07     6.01    22.13    48.90    86.35   134.46   193.24   262.69   342.81   433.60      535
               0.5    -1.40     6.10    22.19    48.95    86.38   134.48   193.25   262.70   342.81   433.60      535
               0.6    -0.92     6.15    22.23    48.98    86.40   134.50   193.26   262.70   342.81   433.60      535
               0.7    -0.55     6.19    22.26    49.00    86.42   134.51   193.27   262.71   342.82   433.60      535
               0.8    -0.26     6.22    22.29    49.02    86.43   134.52   193.27   262.71   342.82   433.60      535
               0.9    -0.02     6.24    22.30    49.03    86.44   134.52   193.28   262.71   342.82   433.60      535
               1.0     0.17     6.26    22.32    49.04    86.45   134.53   193.28   262.71   342.82   433.60      535

      0.1     0.01   141623   929.33   131.70    27.87     5.18     0.22     0.06     1.18     2.48     3.60     4.45
               0.1     -174    -3.90    -1.07    -0.04     0.66     1.27     1.87     2.47     3.10     3.76     4.45
               0.2     -441    -3.76    -0.34     0.52     1.05     1.53     2.02     2.56     3.14     3.77     4.45
               0.3     -351    -2.50     0.10     0.76     1.20     1.62     2.08     2.59     3.15     3.77     4.45
               0.4     -274    -1.64     0.35     0.88     1.27     1.67     2.11     2.60     3.15     3.77     4.45
               0.5     -216    -1.05     0.52     0.96     1.32     1.69     2.12     2.61     3.16     3.77     4.45
               0.6     -173    -0.63     0.63     1.02     1.35     1.71     2.13     2.61     3.16     3.77     4.45
               0.7     -141    -0.32     0.71     1.06     1.37     1.73     2.14     2.62     3.16     3.77     4.45
               0.8     -115    -0.07     0.78     1.09     1.39     1.74     2.15     2.62     3.16     3.77     4.45
               0.9      -94     0.13     0.83     1.11     1.40     1.74     2.15     2.62     3.16     3.77     4.45
               1.0      -77     0.29     0.87     1.13     1.41     1.75     2.15     2.63     3.17     3.77     4.45

      0.2     0.01   566536  3754.88   555.42   131.93    33.70     7.10     0.45    -0.36     0.27     0.91     1.20
               0.1     -693   -14.54    -4.50    -1.82    -0.62     0.05     0.47     0.75     0.95     1.09     1.20
               0.2    -1763   -16.02    -3.15    -0.80     0.04     0.45     0.69     0.86     0.99     1.10     1.20
               0.3    -1407   -11.65    -1.94    -0.26     0.32     0.60     0.77     0.90     1.01     1.10     1.20
               0.4    -1096    -8.56    -1.20     0.05     0.47     0.68     0.82     0.92     1.02     1.11     1.20
               0.5     -866    -6.41    -0.71     0.25     0.57     0.73     0.84     0.93     1.02     1.11     1.20
               0.6     -695    -4.85    -0.36     0.38     0.63     0.76     0.86     0.94     1.02     1.11     1.20
               0.7     -565    -3.68    -0.10     0.48     0.68     0.79     0.87     0.95     1.03     1.11     1.20
               0.8     -462    -2.77     0.10     0.56     0.71     0.81     0.88     0.95     1.03     1.11     1.20
               0.9     -379    -2.04     0.26     0.62     0.74     0.82     0.89     0.95     1.03     1.11     1.20
               1.0     -311    -1.45     0.38     0.66     0.76     0.83     0.89     0.96     1.03     1.11     1.20

      0.3     0.01  1274723  8462.25  1260.33   304.68    81.20    19.25     2.53    -0.70    -0.37     0.35     0.62
               0.1    -1559   -32.30   -10.04    -4.34    -1.94    -0.73    -0.07     0.30     0.50     0.59     0.62
               0.2    -3966   -36.37    -7.59    -2.48    -0.79    -0.06     0.29     0.47     0.57     0.61     0.62
               0.3    -3167   -26.79    -5.07    -1.42    -0.27     0.21     0.42     0.53     0.59     0.61     0.62
               0.4    -2466   -19.94    -3.49    -0.80     0.02     0.35     0.49     0.56     0.60     0.62     0.62
               0.5    -1950   -15.18    -2.44    -0.41     0.20     0.43     0.54     0.58     0.61     0.62     0.62
               0.6    -1566   -11.73    -1.70    -0.13     0.32     0.49     0.56     0.60     0.61     0.62     0.62
               0.7    -1271    -9.13    -1.14     0.07     0.41     0.53     0.58     0.60     0.61     0.62     0.62
               0.8    -1040    -7.11    -0.72     0.23     0.48     0.57     0.60     0.61     0.62     0.62     0.62
               0.9     -854    -5.49    -0.38     0.35     0.53     0.59     0.61     0.62     0.62     0.62     0.62
               1.0     -701    -4.17    -0.11     0.45     0.58     0.61     0.62     0.62     0.62     0.62     0.62

      0.4     0.01  2266184 15051.40  2246.31   545.90   147.31    36.07     5.44    -1.01    -0.93     0.03     0.38
               0.1    -2771   -57.18   -17.78    -7.80    -3.69    -1.66    -0.59    -0.02     0.26     0.37     0.38
               0.2    -7051   -64.82   -13.76    -4.74    -1.81    -0.59    -0.02     0.24     0.36     0.39     0.38
               0.3    -5630   -47.92    -9.38    -2.93    -0.94    -0.16     0.19     0.34     0.39     0.40     0.38
               0.4    -4385   -35.81    -6.62    -1.88    -0.46     0.07     0.30     0.38     0.41     0.40     0.38
               0.5    -3467   -27.39    -4.78    -1.20    -0.16     0.22     0.36     0.41     0.42     0.41     0.38
               0.6    -2784   -21.28    -3.48    -0.73     0.04     0.31     0.41     0.43     0.43     0.41     0.38
               0.7    -2261   -16.68    -2.51    -0.38     0.20     0.38     0.44     0.45     0.43     0.41     0.38
               0.8    -1850   -13.10    -1.77    -0.12     0.31     0.44     0.46     0.46     0.44     0.41     0.38
               0.9    -1518   -10.24    -1.18     0.09     0.40     0.48     0.48     0.46     0.44     0.41     0.38
               1.0    -1246    -7.90    -0.69     0.26     0.47     0.51     0.50     0.47     0.44     0.41     0.38

      0.5     0.01  3540918 23522.35  3513.37   855.58   231.99    57.52     9.12    -1.39    -1.57     0.25     0.23
               0.1    -4330   -89.21   -27.74   -12.24    -5.89    -2.79    -1.18    -0.33     0.08     0.23     0.23
               0.2   -11018  -101.39   -21.64    -7.61    -3.07    -1.19    -0.34     0.05     0.22     0.26     0.23
               0.3    -8796   -75.05   -14.87    -4.83    -1.75    -0.54    -0.03     0.19     0.26     0.27     0.23
               0.4    -6851   -56.18   -10.59    -3.21    -1.02    -0.20     0.13     0.26     0.29     0.27     0.23
               0.5    -5417   -43.04    -7.74    -2.16    -0.56     0.02     0.23     0.30     0.30     0.27     0.23
               0.6    -4350   -33.51    -5.72    -1.43    -0.24     0.16     0.30     0.33     0.31     0.28     0.23
               0.7    -3533   -26.34    -4.22    -0.90    -0.01     0.27     0.35     0.35     0.32     0.28     0.23
               0.8    -2890   -20.75    -3.06    -0.49     0.16     0.35     0.39     0.37     0.33     0.28     0.23
               0.9    -2373   -16.29    -2.14    -0.17     0.30     0.41     0.41     0.38     0.33     0.28     0.23
               1.0    -1948   -12.64    -1.39     0.10     0.41     0.46     0.44     0.39     0.33     0.28     0.23

      0.6     0.01  5098925 33875.08  5061.50  1233.70   335.24    83.58    13.53    -1.87    -2.33    -0.54     0.12
               0.1    -6235  -128.36   -39.93   -17.66    -8.57    -4.15     1.85    -0.66    -0.09     0.12     0.12
               0.2   -15866  -146.06   -31.26   -11.09    -4.56    -1.89    -0.68    -0.12     0.10     0.16     0.12
               0.3   -12667  -108.19   -21.55    -7.12    -2.69    -0.97    -0.24     0.07     0.17     0.17     0.12
               0.4    -9866   -81.04   -15.40    -4.80    -1.65    -0.48    -0.01     0.17     0.20     0.18     0.12
               0.5    -7801   -62.13   -11.31    -3.30    -0.99    -0.17     0.13     0.22     0.22     0.18     0.12
               0.6    -6264   -48.43    -8.41    -2.25    -0.54     0.03     0.22     0.26     0.24     0.18     0.12
               0.7    -5087   -38.10    -6.25    -1.49    -0.22     0.18     0.29     0.29     0.25     0.19     0.12
               0.8    -4162   -30.07    -4.59    -0.90     0.03     0.30     0.34     0.31     0.25     0.19     0.12
               0.9    -3417   -23.64    -3.27    -0.44     0.23     0.39     0.38     0.33     0.26     0.19     0.12
               1.0    -2805   -18.39    -2.20    -0.06     0.39     0.46     0.42     0.34     0.27     0.19     0.12

      0.7     0.01  6940206 46109.60  6890.69  1680.27   457.04   114.23    18.67    -2.45    -3.20    -0.84     0.03
               0.1    -8486  -174.66   -54.33   -24.05   -11.71    -5.72    -2.62    -1.01    -0.25     0.03     0.03
               0.2   -21595  -198.85   -42.62   -15.17    -6.31    -2.68    -1.04    -0.29     0.01     0.08     0.03
               0.3   -17241  -147.33   -29.41    -9.78    -3.77    -1.44    -0.45    -0.04     0.10     0.10     0.03
               0.4   -13429  -110.40   -21.07    -6.64    -2.36    -0.77    -0.14     0.09     0.15     0.11     0.03
               0.5   -10618   -84.67   -15.50    -4.60    -1.48    -0.36     0.05     0.17     0.17     0.11     0.03
               0.6    -8526   -66.02   -11.56    -3.19    -0.86    -0.08     0.18     0.23     0.19     0.12     0.03
               0.7    -6924   -51.97    -8.63    -2.15    -0.42     0.12     0.27     0.27     0.20     0.12     0.03
               0.8    -5665   -41.04    -6.37    -1.35    -0.08     0.27     0.34     0.29     0.21     0.12     0.03
               0.9    -4651   -32.30    -4.58    -0.72     0.19     0.39     0.39     0.32     0.22     0.12     0.03
               1.0    -3818   -25.16    -3.12    -0.21     0.40     0.49     0.43     0.33     0.23     0.13     0.03

      0.8     0.01  9064760 60225.91  9000.96  2195.28   597.41   149.49    24.54    -3.15    -4.21    -1.16    -0.03
               0.1   -11083  -228.09   -70.95   -31.43   -15.33    -7.52    -3.48    -1.39    -0.40    -0.04    -0.03
               0.2   -28206  -259.75   -55.70   -19.86    -8.29    -3.56    -1.43    -0.46    -0.06     0.03    -0.03
               0.3   -22519  -192.48   -38.47   -12.84    -4.99    -1.95    -0.66    -0.12     0.05     0.05    -0.03
               0.4   -17539  -144.25   -27.58    -8.74    -3.16    -1.09    -0.26     0.05     0.11     0.06    -0.03
               0.5   -13868  -110.65   -20.32    -6.08    -2.00    -0.55    -0.01     0.15     0.15     0.07    -0.03
               0.6   -11136   -86.30   -15.17    -4.24    -1.20    -0.19     0.15     0.22     0.17     0.08    -0.03
               0.7    -9044   -67.95   -11.34    -2.88    -0.62     0.08     0.27     0.27     0.19     0.08    -0.03
               0.8    -7400   -53.67    -8.40    -1.84    -0.18     0.28     0.36     0.30     0.20     0.08    -0.03
               0.9    -6075   -42.26    -6.05    -1.02     0.16     0.44     0.43     0.33     0.21     0.08    -0.03
               1.0    -4987   -32.93    -4.15    -0.35     0.44     0.56     0.49     0.36     0.22     0.09    -0.03

      0.9     0.01 11472588 76224.01 11392.30  2778.74   756.33   189.35    31.14    -3.96    -5.33    -1.50    -0.08
               0.1   -14027  -288.66   -89.79   -39.78   -19.41    -9.54    -4.43    -1.80    -0.55    -0.09    -0.08
               0.2   -35698  -328.76   -70.51   -25.16   -10.53    -4.54    -1.84    -0.62    -0.12     0.00    -0.08
               0.3   -28501  -243.63   -48.72   -16.28    -6.35    -2.50    -0.87    -0.20     0.03     0.03    -0.08
               0.4   -22198  -182.60   -34.94   -11.09    -4.03    -1.41    -0.37     0.02     0.10     0.04    -0.08
               0.5   -17552  -140.07   -25.75    -7.74    -2.57    -0.74    -0.06     0.15     0.14     0.05    -0.08
               0.6   -14093  -109.25   -19.24    -5.40    -1.56    -0.28     0.15     0.23     0.17     0.05    -0.08
               0.7   -11447   -86.04   -14.40    -3.68    -0.83     0.06     0.30     0.30     0.20     0.06    -0.08
               0.8    -9365   -67.96   -10.66    -2.37    -0.27     0.31     0.41     0.34     0.21     0.06    -0.08
               0.9    -7689   -53.52    -7.70    -1.33     0.17     0.51     0.50     0.38     0.22     0.06    -0.08
               1.0    -6312   -41.71    -5.29    -0.49     0.52     0.67     0.57     0.41     0.23     0.07    -0.08

      1.0     0.01 14163689 94103.89 14064.70  3430.65   933.81   233.81    38.47    -4.88    -6.59    -1.86    -0.12
               0.1   -17318  -356.36  -110.84   -49.12   -23.97   -11.78    -5.48    -2.23    -0.69    -0.12    -0.12
               0.2   -44071  -405.88   -87.06   -31.07   -13.01    -5.62    -2.29    -0.77    -0.16    -0.02    -0.12
               0.3   -35186  -300.78   -60.15   -20.11    -7.85    -3.10    -1.09    -0.26     0.02     0.02    -0.12
               0.4   -27405  -225.44   -43.14   -13.70    -4.99    -1.76    -0.47     0.01     0.11     0.04    -0.12
               0.5   -21669  -172.93   -31.80    -9.56    -3.18    -0.92    -0.09     0.17     0.17     0.05    -0.12
               0.6   -17399  -134.89   -23.76    -6.68    -1.94    -0.35     0.17     0.28     0.20     0.06    -0.12
               0.7   -14132  -106.23   -17.78    -4.56    -1.04     0.06     0.36     0.35     0.23     0.06    -0.12
               0.8   -11562   -83.92   -13.18    -2.93    -0.35     0.37     0.50     0.41     0.25     0.06    -0.12
               0.9    -9492   -66.08    -9.52    -1.65     0.19     0.62     0.61     0.46     0.26     0.07    -0.12
               1.0    -7792   -51.51    -6.54    -0.61     0.63     0.81     0.70     0.49     0.28     0.07    -0.12
=====================================================================================================================
'Rev.  Orig.,1
'Date  6/93,10/04,07/05
'By:   HFB,HFB,JAD
