        #        #        #        #        #        #        #        #        #        #        #        #        #
   ED5-2  Wye, 45 Degree, Converging (Sepsy 1973)
                                              Cb
           Qb/Qc->     0.01      0.1      0.2      0.3      0.4      0.5      0.6      0.7      0.8      0.9      1.0
    As/Ac    Ab/Ac  
     0.01     0.01    -193     -0.62     0.67     0.88     0.94     0.97     0.98     0.98     0.99     0.99      839 
              0.10  -19446   -159.58   -30.75    -9.85    -3.54    -1.08     0.02     0.53     0.76     0.86     8144
              0.20  -77787   -641.07  -125.72   -42.14   -16.89    -7.03    -2.66    -0.62     0.32     0.71    14955 
              0.30 -175022  -1443.45  -283.92   -95.87   -39.04   -16.86    -7.03    -2.44    -0.32     0.55    19142 
              0.40 -311151  -2566.74  -505.35  -171.02   -70.01   -30.57   -13.09    -4.93    -1.17     0.37    19417 
              0.50 -486175  -4010.94  -790.01  -267.62  -109.78   -48.15   -20.85    -8.09    -2.22     0.17    14488 
              0.60 -700092  -5776.04 -1137.90  -385.65  -158.36   -69.62   -30.30   -11.93    -3.47    -0.04     3409
              0.70 -952903  -7862.04 -1549.00  -525.11  -215.74   -94.95   -41.43   -16.44    -4.93    -0.26     2896 
              0.80-1244608 -10268.93 -2023.33  -686.00  -281.93  -124.16   -54.26   -21.62    -6.58    -0.48     1884 
              0.90-1575207 -12996.72 -2560.89  -868.32  -356.93  -157.25   -68.79   -27.47    -8.44    -0.72      303 
              1.00-1944700 -16045.42 -3161.67 -1072.08  -440.73  -194.21   -85.00   -33.99   -10.49    -0.97    -1917 

      0.1     0.01  -16.98      0.85     0.96     0.98     0.99     0.99     0.99     0.99     0.99     1.00     8357 
               0.1   -1804    -13.70    -1.90    -0.02     0.54     0.75     0.85     0.89     0.92     0.96    79501 
               0.2   -7219    -57.73   -10.44    -2.88    -0.64     0.22     0.59     0.76     0.85     0.94   141801 
               0.3  -16244   -131.08   -24.63    -7.59    -2.53    -0.60     0.24     0.61     0.79     0.92   174001 
               0.4  -28881   -233.78   -44.46   -14.15    -5.15    -1.71    -0.23     0.43     0.72     0.88   163201 
               0.5  -45129   -365.85   -69.96   -22.58    -8.50    -3.12    -0.81     0.21     0.65     0.82    96501 
               0.6  -64987   -527.21  -101.08   -32.83   -12.55    -4.80    -1.49    -0.02     0.59     0.79    30265 
               0.7  -88455   -717.81  -137.79   -44.90   -17.28    -6.74    -2.23    -0.23     0.60     0.85    23745
               0.8 -115533   -937.72  -180.12   -58.79   -22.73    -8.96    -3.06    -0.45     0.63     0.95    12033 
               0.9 -146222  -1186.93  -228.09   -74.53   -28.88   -11.45    -3.99    -0.69     0.67     1.07    -5579 
               1.0 -180521  -1465.45  -281.68   -92.10   -35.74   -14.23    -5.01    -0.94     0.74     1.22   -29799 

      0.2     0.01   -7.10      0.94     0.98     0.99     0.99     0.99     0.99     0.99     1.00     1.00    16671     
               0.1    -823     -5.52    -0.26     0.56     0.79     0.88     0.92     0.95     0.97     1.05   154701
               0.2   -3297    -25.19    -3.97    -0.64     0.32     0.67     0.82     0.90     0.96     1.08   266401  
               0.3   -7422    -58.03   -10.14    -2.63    -0.45     0.36     0.69     0.84     0.93     1.08   309301
               0.4  -13199   -104.08   -18.80    -5.40    -1.51    -0.07     0.52     0.77     0.88     1.01   257601
               0.5  -20626   -163.36   -29.97    -8.97    -2.87    -0.62     0.29     0.67     0.80     0.84    85501
               0.6  -29703   -235.59   -43.47   -13.22    -4.44    -1.20     0.12     0.65     0.83     0.85    52033
               0.7  -40430   -320.90   -59.38   -18.21    -6.25    -1.84    -0.04     0.68     0.91     0.93    35925
               0.8  -52806   -419.32   -77.73   -23.95    -8.33    -2.56    -0.22     0.72     1.02     1.02     8961
               0.9  -66834   -530.86   -98.50   -30.44   -10.66    -3.36    -0.40     0.79     1.16     1.14   -30275
               1.0  -82511   -655.51  -121.72   -37.68   -13.26    -4.25    -0.59     0.87     1.33     1.28   -83199

      0.3     0.01   -3.75      0.98     0.99     1.00     1.00     1.00     1.00     1.00     1.00     1.01    24941 
               0.1    -495     -2.74     0.32     0.78     0.90     0.94     0.97     0.99     1.02     1.13   225601 
               0.2   -1989    -14.27    -1.77     0.13     0.66     0.85     0.93     0.97     1.03     1.21   373801
               0.3   -4481    -33.62    -5.28    -0.95     0.27     0.70     0.87     0.94     1.01     1.19   405901
               0.4   -7971    -60.85   -10.26    -2.48    -0.30     0.47     0.77     0.88     0.93     1.04   283201
               0.5  -12459    -95.87   -16.64    -4.44    -1.00     0.21     0.66     0.82     0.84     0.84    79201
               0.6  -17942   -138.38   -24.26    -6.68    -1.73     0.01     0.66     0.88     0.91     0.88    65305
               0.7  -24421   -188.60   -33.25    -9.32    -2.58    -0.20     0.68     0.98     1.02     0.95    36541
               0.8  -31898   -246.54   -43.60   -12.34    -3.54    -0.43     0.72     1.11     1.15     1.03    -9215
               0.9  -40371   -312.21   -55.33   -15.76    -4.61    -0.68     0.78     1.26     1.31     1.13   -74087
               1.0  -49842   -385.59   -68.43   -19.56    -5.79    -0.94     0.86     1.45     1.49     1.24  -160199

      0.4     0.01   -2.03      1.00     1.00     1.00     1.00     1.00     1.00     1.00     1.01     1.02    33168 
               0.1    -331     -1.32     0.63     0.90     0.96     0.99     1.00     1.02     1.06     1.20   292201
               0.2   -1335     -8.77    -0.64     0.54     0.85     0.95     0.99     1.03     1.09     1.31   464001
               0.3   -3010    -21.41    -2.85    -0.10     0.63     0.87     0.96     1.00     1.06     1.26   463801
               0.4   -5358    -39.30    -6.02    -1.05     0.28     0.72     0.87     0.91     0.92     1.00   240001
               0.5   -8375    -62.10    -9.96    -2.16    -0.06     0.63     0.85     0.90     0.88     0.86    93801
               0.6  -12061    -89.77   -14.65    -3.42    -0.38     0.61     0.93     0.99     0.95     0.90    70081
               0.7  -16417   -122.46   -20.19    -4.88    -0.74     0.61     1.04     1.12     1.06     0.95    25593
               0.8  -21444   -160.18   -26.56    -6.55    -1.15     0.62     1.18     1.29     1.19     1.01   -42495
               0.9  -27141   -202.93   -33.77    -8.44    -1.60     0.64     1.36     1.48     1.35     1.07  -137015
               1.0  -33508   -250.70   -41.83   -10.54    -2.09     0.68     1.56     1.71     1.53     1.15  -260799

      0.5     0.01   -0.97      1.01     1.01     1.01     1.00     1.00     1.00     1.01     1.01     1.03    41353 
               0.1    -233     -0.44     0.83     0.98     1.01     1.02     1.03     1.05     1.10     1.27   354501 
               0.2    -942     -5.45     0.04     0.79     0.97     1.02     1.04     1.07     1.14     1.39   537001
               0.3   -2128    -14.10    -1.39     0.40     0.84     0.97     1.00     1.02     1.07     1.28   483001
               0.4   -3791    -26.48    -3.53    -0.24     0.59     0.83     0.89     0.88     0.85     0.86   128001
               0.5   -5925    -41.84    -5.96    -0.80     0.51     0.88     0.97     0.95     0.90     0.87   102501
               0.6   -8533    -60.61    -8.90    -1.46     0.43     0.97     1.09     1.06     0.97     0.90    66361
               0.7  -11615    -82.80   -12.36    -2.22     0.35     1.09     1.25     1.20     1.08     0.93     3081
               0.8  -15172   -108.39   -16.35    -3.09     0.27     1.24     1.45     1.38     1.20     0.96   -90879
               0.9  -19203   -137.41   -20.86    -4.07     0.19     1.42     1.68     1.59     1.35     0.99  -219059
               1.0  -23708   -169.84   -25.90    -5.15     0.11     1.63     1.95     1.83     1.52     1.02  -384999

      0.6     0.01   -0.81      1.02     1.01     1.01     1.01     1.01     1.01     1.01     1.02     1.04    49494 
               0.1 -224.67     -0.41     0.83     0.98     1.02     1.03     1.04     1.07     1.13     1.33   412501 
               0.2    -912     -5.54    -0.08     0.70     0.91     0.98     1.01     1.05     1.14     1.42   592801
               0.3   -2062    -14.48    -1.75     0.13     0.64     0.81     0.88     0.92     0.98     1.19   463501
               0.4   -3673    -27.10    -4.14    -0.68     0.26     0.57     0.68     0.71     0.72     0.76   126721
               0.5   -5741    -42.84    -6.91    -1.50    -0.02     0.47     0.64     0.68     0.69     0.70   105301
               0.6   -8269    -62.07   -10.28    -2.48    -0.34     0.37     0.61     0.67     0.66     0.63    54145
               0.7  -11256    -84.79   -14.26    -3.62    -0.71     0.27     0.59     0.67     0.63     0.54   -30996
               0.8  -14702   -111.02   -18.84    -4.92    -1.12     0.16     0.58     0.67     0.61     0.44  -154368
               0.9  -18609   -140.76   -24.03    -6.40    -1.57     0.04     0.58     0.68     0.59     0.31  -320219
               1.0  -22976   -174.01   -29.83    -8.04    -2.07    -0.08     0.58     0.70     0.56     0.15  -532799

      0.7     0.01   -0.26      1.04     1.02     1.01     1.01     1.01     1.01     1.01     1.02     1.05    57592 
               0.1    -177      0.03     0.94     1.03     1.05     1.06     1.07     1.10     1.16     1.39   466201 
               0.2    -725     -3.96     0.25     0.83     0.97     1.01     1.04     1.08     1.17     1.47   631401
               0.3   -1643    -11.07    -1.10     0.34     0.71     0.83     0.87     0.90     0.95     1.13   405301
               0.4   -2927    -20.92    -2.92    -0.27     0.43     0.65     0.72     0.73     0.73     0.77   134625
               0.5   -4574    -33.20    -5.01    -0.85     0.24     0.59     0.69     0.71     0.69     0.70   102201
               0.6   -6589    -48.21    -7.55    -1.55     0.03     0.53     0.68     0.69     0.65     0.61    33433
               0.7   -8969    -65.95   -10.56    -2.37    -0.20     0.48     0.68     0.69     0.62     0.49   -76636
               0.8  -11716    -86.42   -14.01    -3.30    -0.46     0.43     0.68     0.69     0.58     0.35  -232959
               0.9  -14830   -109.65   -17.93    -4.35    -0.75     0.38     0.70     0.70     0.53     0.18  -440495
               1.0  -18310   -135.63   -22.32    -5.53    -1.07     0.33     0.72     0.71     0.48    -0.03  -704199

      0.8     0.01    0.17      1.05     1.03     1.02     1.01     1.01     1.01     1.02     1.03     1.06    65648 
               0.1    -142      0.38     1.02     1.08     1.08     1.08     1.09     1.12     1.19     1.44   515601 
               0.2    -585     -2.78     0.50     0.91     1.01     1.03     1.05     1.09     1.18     1.49   652801
               0.3   -1329     -8.58    -0.65     0.47     0.74     0.82     0.85     0.86     0.89     1.02   308401
               0.4   -2367    -16.29    -2.00     0.05     0.56     0.71     0.75     0.74     0.74     0.78   138753
               0.5   -3699    -25.98    -3.59    -0.37     0.44     0.68     0.73     0.72     0.69     0.69    93201
               0.6   -5329    -37.82    -5.52    -0.87     0.31     0.65     0.72     0.70     0.64     0.58     4225
               0.7   -7255    -51.83    -7.79    -1.44     0.17     0.63     0.73     0.69     0.59     0.43  -133840
               0.8   -9477    -68.01   -10.42    -2.10     0.01     0.62     0.75     0.69     0.53     0.25  -326655
               0.9  -11996    -86.37   -13.39    -2.84    -0.16     0.61     0.77     0.68     0.47     0.03  -579887
               1.0  -14812   -106.91   -16.73    -3.68    -0.35     0.61     0.79     0.68     0.38    -0.25  -899199

      0.9     0.01    0.52      1.06     1.03     1.02     1.02     1.02     1.02     1.02     1.03     1.07    73660 
               0.1    -114      0.65     1.10     1.11     1.10     1.10     1.11     1.14     1.22     1.49   560701 
               0.2    -476     -1.87     0.68     0.98     1.03     1.05     1.06     1.09     1.18     1.49   657001
               0.3   -1085     -6.70    -0.33     0.54     0.74     0.79     0.80     0.80     0.81     0.87   172801
               0.4   -1931    -12.69    -1.29     0.29     0.66     0.76     0.77     0.75     0.74     0.78   139105
               0.5   -3019    -20.37    -2.48     0.00     0.59     0.74     0.75     0.72     0.69     0.67    78301
               0.6   -4349    -29.77    -3.94    -0.34     0.52     0.73     0.75     0.70     0.63     0.54   -33480
               0.7   -5921    -40.89    -5.66    -0.73     0.45     0.74     0.76     0.68     0.56     0.36  -202607
               0.8   -7736    -53.74    -7.64    -1.18     0.37     0.76     0.78     0.67     0.48     0.13  -435455
               0.9   -9793    -68.32    -9.89    -1.69     0.28     0.77     0.80     0.65     0.38    -0.15  -738395
               1.0  -12092    -84.66   -12.42    -2.27     0.18     0.80     0.83     0.62     0.26    -0.49 -1117799

      1.0     0.01    0.82      1.07     1.04     1.02     1.02     1.02     1.02     1.02     1.04     1.08    81629 
               0.1  -92.09      0.88     1.16     1.14     1.12     1.12     1.13     1.16     1.25     1.54   601501 
               0.2    -389     -1.17     0.81     1.02     1.05     1.05     1.06     1.09     1.18     1.48   644001
               0.3    -889     -5.09    -0.02     0.64     0.78     0.81     0.81     0.80     0.80     0.86   161941
               0.4   -1583     -9.81    -0.72     0.48     0.74     0.79     0.78     0.76     0.74     0.77   135681
               0.5   -2475    -15.89    -1.61     0.29     0.71     0.79     0.77     0.72     0.68     0.65    57501
               0.6   -3565    -23.34    -2.69     0.07     0.68     0.80     0.77     0.69     0.60     0.49   -79679
               0.7   -4855    -32.15    -3.96    -0.18     0.66     0.82     0.78     0.67     0.51     0.27  -282939
               0.8   -6343    -42.35    -5.44    -0.47     0.64     0.85     0.79     0.63     0.41     0.00  -559359
               0.9   -8030    -53.94    -7.12    -0.80     0.61     0.88     0.81     0.60     0.28    -0.34  -916019
               1.0   -9916    -66.93    -9.01    -1.17     0.58     0.92     0.82     0.55     0.13    -0.75 -1359999
=====================================================================================================================
        #        #        #        #        #        #        #        #        #        #        #        #        #
   ED5-2  Wye, 45 Degree, Converging (Sepsy 1973)
                                              Cs
           Qs/Qc->     0.01      0.1      0.2      0.3      0.4      0.5      0.6      0.7      0.8      0.9      1.0
    As/Ac    Ab/Ac
     0.01     0.01    1656     0.08     22.72    71.53   139.22   225.04   328.83   450.55   590.17   747.71   923.15 
               0.1    1.77     8.23     36.34    82.84   147.73   231.00   332.66   452.70   591.13   747.95   923.15 
               0.2   -2.49     9.29     37.19    83.49   148.21   231.33   332.87   452.82   591.18   747.96   923.15 
               0.3   -1.87     9.65     37.48    83.71   148.37   231.44   332.94   452.86   591.20   747.97   923.15 
               0.4   -1.17     9.83     37.62    83.82   148.45   231.50   332.98   452.88   591.21   747.97   923.15 
               0.5   -0.63     9.95     37.71    83.89   148.49   231.53   333.00   452.89   591.22   747.97   923.15 
               0.6   -0.21    10.02     37.76    83.93   148.53   231.55   333.01   452.90   591.22   747.97   923.15 
               0.7    0.10    10.08     37.80    83.96   148.55   231.57   333.02   452.91   591.22   747.97   923.15 
               0.8    0.36    10.12     37.83    83.98   148.57   231.58   333.03   452.91   591.22   747.97   923.15 
               0.9    0.56    10.15     37.86    84.00   148.58   231.59   333.04   452.91   591.23   747.97   923.15 
               1.0    0.73    10.17     37.88    84.02   148.59   231.60   333.04   452.92   591.23   747.97   923.15 

     0.01     0.01  168009  1107.75    157.22    33.04     5.95     0.22     0.34     2.04     3.98     5.71     7.11 
               0.1     307    -0.64     -0.63     0.17     1.00     1.87     2.79     3.76     4.81     5.92     7.11 
               0.2    -249    -2.38     -0.06     0.77     1.47     2.19     2.99     3.88     4.86     5.93     7.11 
               0.3    -229    -1.56      0.35     1.03     1.64     2.30     3.06     3.91     4.87     5.94     7.11 
               0.4    -181    -0.89      0.59     1.17     1.73     2.36     3.09     3.93     4.88     5.94     7.11 
               0.5    -140    -0.40      0.75     1.26     1.78     2.40     3.11     3.94     4.88     5.94     7.11 
               0.6    -107    -0.04      0.86     1.32     1.82     2.42     3.13     3.95     4.89     5.94     7.11 
               0.7  -81.34     0.23      0.95     1.36     1.85     2.44     3.14     3.96     4.89     5.94     7.11 
               0.8  -60.62     0.45      1.01     1.40     1.87     2.45     3.15     3.96     4.89     5.94     7.11 
               0.9  -43.69     0.62      1.06     1.42     1.88     2.46     3.15     3.96     4.89     5.94     7.11 
               1.0  -29.63     0.76      1.10     1.44     1.89     2.47     3.16     3.97     4.89     5.94     7.11 

      0.2     0.01  672084  4484.69    669.99   161.48    42.31     9.49     1.01    -0.20     0.46     1.23     1.62 
               0.1    1217    -0.33     -2.09    -1.13    -0.35     0.22     0.65     0.97     1.23     1.45     1.62 
               0.2   -1011   -10.16     -2.08    -0.43     0.24     0.62     0.88     1.10     1.29     1.46     1.62
               0.3    -934    -7.83     -1.20     0.03     0.50     0.77     0.97     1.14     1.30     1.46     1.62
               0.4    -742    -5.62     -0.59     0.30     0.65     0.85     1.01     1.16     1.31     1.46     1.62
               0.5    -577    -3.96     -0.18     0.48     0.74     0.90     1.04     1.18     1.32     1.47     1.62
               0.6    -447    -2.71      0.12     0.60     0.80     0.94     1.06     1.19     1.32     1.47     1.62
               0.7    -344    -1.75      0.34     0.70     0.85     0.96     1.07     1.19     1.32     1.47     1.62
               0.8    -261    -0.99      0.52     0.77     0.88     0.98     1.08     1.20     1.32     1.47     1.62
               0.9    -193    -0.38      0.66     0.82     0.91     0.99     1.09     1.20     1.33     1.47     1.62
               1.0    -137     0.13      0.77     0.87     0.93     1.00     1.10     1.20     1.33     1.47     1.62

      0.3     0.01 1512176 10109.92   1522.69   374.64   103.03    26.22     4.62    -0.15    -0.21     0.46     0.74 
               0.1    2703    -0.18     -4.36    -2.61    -1.29    -0.45     0.08     0.41     0.60     0.71     0.74 
               0.2   -2311   -23.33     -5.14    -1.67    -0.44     0.12     0.42     0.58     0.67     0.72     0.74
               0.3   -2138   -18.44     -3.44    -0.84     0.00     0.36     0.54     0.64     0.69     0.73     0.74
               0.4   -1706   -13.64     -2.22    -0.34     0.25     0.49     0.60     0.67     0.70     0.73     0.74
               0.5   -1336   -10.00     -1.37     0.00     0.41     0.57     0.64     0.69     0.71     0.73     0.74
               0.6   -1043    -7.26     -0.75     0.24     0.52     0.62     0.67     0.70     0.72     0.73     0.74
               0.7    -811    -5.15     -0.29     0.41     0.60     0.66     0.69     0.71     0.72     0.73     0.74
               0.8    -625    -3.48      0.07     0.55     0.66     0.69     0.70     0.71     0.72     0.73     0.74
               0.9    -473    -2.14      0.36     0.65     0.71     0.72     0.72     0.72     0.72     0.73     0.74
               1.0    -347    -1.03      0.60     0.74     0.75     0.73     0.73     0.72     0.72     0.73     0.74

      0.4     0.01 2688261 17983.17   2715.11   672.12   187.47    49.38     9.70     0.23    -0.62     0.11     0.43 
               0.1    4740    -0.46     -7.64    -4.66    -2.49    -1.15    -0.36     0.10     0.33     0.43     0.43 
               0.2   -4175   -42.17     -9.48    -3.34    -1.23    -0.31     0.12     0.33     0.42     0.44     0.43
               0.3   -3867   -33.68     -6.60    -1.98    -0.53     0.05     0.31     0.41     0.45     0.45     0.43
               0.4   -3099   -25.24     -4.51    -1.13    -0.13     0.25     0.40     0.46     0.47     0.45     0.43
               0.5   -2441   -18.83     -3.04    -0.57     0.13     0.37     0.46     0.48     0.48     0.46     0.43
               0.6   -1920   -13.99     -1.97    -0.17     0.31     0.46     0.50     0.50     0.48     0.46     0.43
               0.7   -1508   -10.27     -1.17     0.12     0.44     0.52     0.53     0.51     0.49     0.46     0.43
               0.8   -1178    -7.32     -0.54     0.35     0.54     0.57     0.55     0.52     0.49     0.46     0.43
               0.9    -907    -4.94     -0.04     0.53     0.62     0.61     0.57     0.53     0.49     0.46     0.43
               1.0    -683    -2.98      0.37     0.68     0.68     0.64     0.58     0.54     0.50     0.46     0.43

      0.5     0.01 4200312 28104.17   4247.15  1053.86   295.54    78.86    16.10     0.70    -1.04    -0.15     0.25 
               0.1    7304    -1.43    -12.03    -7.36    -4.03    -2.01    -0.84    -0.18     0.14     0.26     0.25 
               0.2   -6625   -66.95    -15.18    -5.49    -2.21    -0.81    -0.16     0.14     0.26     0.28     0.25
               0.3   -6145   -53.80    -10.77    -3.45    -1.17    -0.27     0.11     0.26     0.30     0.29     0.25
               0.4   -4944   -40.66     -7.54    -2.16    -0.57     0.02     0.25     0.32     0.33     0.30     0.25
               0.5   -3917   -30.68     -5.27    -1.30    -0.18     0.21     0.33     0.36     0.34     0.30     0.25
               0.6   -3103   -23.15     -3.62    -0.69     0.09     0.33     0.39     0.38     0.35     0.30     0.25
               0.7   -2460   -17.34     -2.38    -0.24     0.29     0.42     0.43     0.40     0.35     0.30     0.25
               0.8   -1943   -12.75     -1.41     0.11     0.44     0.49     0.47     0.41     0.36     0.30     0.25
               0.9   -1520    -9.04     -0.64     0.39     0.56     0.55     0.49     0.43     0.36     0.30     0.25
               1.0   -1169    -5.99      0.00     0.61     0.65     0.59     0.51     0.43     0.36     0.30     0.25

      0.6     0.01 6048306  40472.69  6118.77  1519.82   427.20   114.62    23.77     1.24    -1.54    -0.41     0.12 
               0.1   10370     -3.34   -17.58   -10.74    -5.94    -3.06    -1.39    -0.48    -0.03     0.13     0.12 
               0.2   -9688    -97.90   -22.29    -8.18    -3.41    -1.39    -0.46    -0.03     0.13     0.16     0.12
               0.3   -8997    -79.03   -15.99    -5.28    -1.94    -0.64    -0.09     0.13     0.19     0.17     0.12
               0.4   -7268    -60.15   -11.37    -3.44    -1.09    -0.23     0.10     0.21     0.22     0.18     0.12
               0.5   -5788    -45.80    -8.13    -2.22    -0.55     0.03     0.22     0.26     0.24     0.18     0.12
               0.6   -4617    -34.97    -5.77    -1.35    -0.17     0.20     0.30     0.30     0.25     0.18     0.12
               0.7   -3690    -26.62    -3.98    -0.71     0.11     0.33     0.36     0.32     0.26     0.19     0.12
               0.8   -2945    -20.02    -2.59    -0.21     0.33     0.43     0.41     0.34     0.26     0.19     0.12
               0.9   -2337    -14.68    -1.48     0.18     0.49     0.51     0.44     0.35     0.27     0.19     0.12
               1.0   -1832    -10.29    -0.57     0.51     0.63     0.57     0.47     0.37     0.27     0.19     0.12

      0.7     0.01 8232219  55088.48  8329.89  2069.97   582.44   156.64    32.71     1.81    -2.13    -0.69     0.00 
               0.1   13914     -6.43   -24.36   -14.82    -8.23    -4.31    -2.04    -0.81    -0.20     0.01     0.00 
               0.2  -13387   -135.28   -30.88   -11.42    -4.85    -2.08    -0.80    -0.21     0.02     0.06     0.00
               0.3  -12446   -109.64   -22.35    -7.50    -2.88    -1.07    -0.31     0.00     0.09     0.07     0.00
               0.4  -10093    -83.96   -16.08    -5.02    -1.73    -0.52    -0.05     0.11     0.13     0.08     0.00
               0.5   -8079    -64.44   -11.67    -3.36    -0.99    -0.17     0.11     0.18     0.15     0.09     0.00
               0.6   -6485    -49.71    -8.47    -2.19    -0.48     0.06     0.22     0.22     0.17     0.09     0.00
               0.7   -5223    -38.35    -6.04    -1.31    -0.10     0.24     0.30     0.26     0.18     0.09     0.00
               0.8   -4210    -29.37    -4.16    -0.64     0.18     0.37     0.36     0.28     0.19     0.09     0.00
               0.9   -3382    -22.12    -2.65    -0.10     0.41     0.47     0.40     0.30     0.19     0.09     0.00
               1.0   -2694    -16.14    -1.41     0.33     0.60     0.55     0.44     0.32     0.20     0.09     0.00

      0.8     0.0110752026  71951.29 10880.46  2704.29   761.25   204.93    42.90     2.42    -2.82    -1.00    -0.10 
               0.1   17911    -10.94   -32.43   -19.63   -10.93    -5.77    -2.80    -1.18    -0.38    -0.09    -0.10 
               0.2  -17748   -179.32   -41.01   -15.25    -6.55    -2.88    -1.19    -0.41    -0.10    -0.04    -0.10
               0.3  -16519   -145.86   -29.89   -10.14    -3.99    -1.58    -0.55    -0.13     0.00    -0.02    -0.10
               0.4  -13445   -112.34   -21.71    -6.91    -2.50    -0.86    -0.22     0.01     0.05    -0.01    -0.10
               0.5  -10814    -86.85   -15.96    -4.75    -1.54    -0.41    -0.01     0.10     0.08     0.00    -0.10
               0.6   -8732    -67.62   -11.78    -3.22    -0.87    -0.10     0.13     0.16     0.10     0.00    -0.10
               0.7   -7085    -52.79    -8.62    -2.08    -0.38     0.12     0.23     0.20     0.11     0.00    -0.10
               0.8   -5761    -41.06    -6.16    -1.20     0.00     0.29     0.31     0.23     0.12     0.01    -0.10
               0.9   -4679    -31.59    -4.19    -0.51     0.29     0.43     0.37     0.26     0.13     0.01    -0.10
               1.0   -3781    -23.78    -2.58     0.06     0.53     0.54     0.42     0.28     0.14     0.01    -0.10

      0.9     0.0113607702  91060.87 13770.41  3422.74   963.60   259.46    54.34     3.05    -3.62    -1.33    -0.20 
               0.1   22337    -17.13   -41.85   -25.21   -14.05    -7.45    -3.66    -1.59    -0.57    -0.20    -0.20 
               0.2  -22794   -230.27   -52.75   -19.69    -8.53    -3.81    -1.63    -0.63    -0.22    -0.13    -0.20
               0.3  -21239   -187.95   -38.69   -13.24    -5.29    -2.16    -0.83    -0.28    -0.10    -0.10    -0.20
               0.4  -17349   -145.53   -28.34    -9.15    -3.41    -1.26    -0.41    -0.10    -0.04    -0.09    -0.20
               0.5  -14019   -113.27   -21.07    -6.42    -2.19    -0.69    -0.15     0.01     0.00    -0.09    -0.20
               0.6  -11384    -88.94   -15.78    -4.48    -1.35    -0.30     0.03     0.09     0.03    -0.08    -0.20
               0.7   -9299    -70.16   -11.78    -3.04    -0.73    -0.02     0.16     0.14     0.04    -0.08    -0.20
               0.8   -7623    -55.33    -8.67    -1.93    -0.25     0.20     0.26     0.18     0.06    -0.07    -0.20
               0.9   -6255    -43.33    -6.18    -1.05     0.12     0.37     0.33     0.21     0.07    -0.07    -0.20
               1.0   -5118    -33.46    -4.14    -0.34     0.42     0.50     0.39     0.24     0.08    -0.07    -0.20

      1.0     0.0116799223 112416.99 16999.68  4225.30  1189.48   320.23    67.01     3.70    -4.54    -1.71    -0.30 
               0.1   27166    -25.23   -52.69   -31.58   -17.61    -9.37    -4.64    -2.06    -0.79    -0.31    -0.30 
               0.2  -28551   -288.39   -66.15   -24.77   -10.80    -4.88    -2.14    -0.87    -0.35    -0.22    -0.30
               0.3  -26631   -236.14   -48.79   -16.81    -6.80    -2.85    -1.15    -0.44    -0.20    -0.19    -0.30
               0.4  -21828   -183.77   -36.02   -11.76    -4.47    -1.73    -0.63    -0.22    -0.12    -0.18    -0.30
               0.5  -17717   -143.95   -27.05    -8.39    -2.98    -1.03    -0.31    -0.08    -0.08    -0.17    -0.30
               0.6  -14464   -113.91   -20.52    -6.00    -1.93    -0.55    -0.09     0.01    -0.04    -0.16    -0.30
               0.7  -11890    -90.73   -15.58    -4.23    -1.17    -0.20     0.07     0.08    -0.02    -0.16    -0.30
               0.8   -9822    -72.41   -11.74    -2.86    -0.58     0.06     0.19     0.13    -0.01    -0.16    -0.30
               0.9   -8132    -57.61    -8.66    -1.77    -0.12     0.27     0.28     0.16     0.01    -0.15    -0.30
               1.0   -6729    -45.42    -6.15    -0.88     0.25     0.44     0.36     0.20     0.02    -0.15    -0.30
======================================================================================================================
'Rev.  Orig.,1
'Date  06/93, 10/04, 6/05
'By:   HFB,  HFB,    JAD

