        #        #        #        #        #        #        #        #        #        #        #        #        #
   ED5-3  Tee, Dc < or = 10 inches (250 mm), Converging (Sepsy 1973)
                                              Cb
           Qb/Qc->     0.01      0.1      0.2      0.3      0.4      0.5      0.6      0.7      0.8      0.9      1.0
    As/Ac    Ab/Ac
     0.01     0.01     -193    -0.60     0.68     0.89     0.96     0.98     0.99     1.00     1.00     1.00    55.37
               0.1   -19417  -159.16   -30.54    -9.68    -3.38    -0.92     0.16     0.67     0.91     1.00      529
               0.2   -77673  -639.65  -125.16   -41.74   -16.54    -6.70    -2.35    -0.31     0.62     1.00      965
               0.3  -174765 -1440.46  -282.86   -95.16   -38.46   -16.33    -6.65    -1.96     0.14     1.00     1219
               0.4  -310693 -2561.61  -503.65  -169.95   -69.16   -29.82   -12.40    -4.27    -0.53     0.98     1204
               0.5  -485459 -4003.09  -787.52  -166.12  -108.63   -47.16   -19.94    -7.24    -1.40     0.96      831
               0.6  -699062 -5764.91 -1134.48  -383.66  -156.87   -68.36   -29.16   -10.88    -2.47     0.93     8.99
               0.7  -951501 -7847.05 -1544.51  -522.56  -213.88   -93.40   -40.06   -15.17    -3.72     0.90     -440
               0.8 -1242777-10249.51 -2017.63  -682.84  -279.66  -122.30   -52.63   -20.12    -5.17     0.86     -663
               0.9 -1572890-12972.30 -2553.83  -864.48  -354.21  -155.06   -66.87   -25.72    -6.81     0.83     -951
               1.0 -1941840-16015.43 -3153.11 -1067.50  -437.53  -191.66   -82.79   -31.99    -8.64     0.78    -1310

      0.1     0.01   -16.79     0.86     0.98     0.99     1.00     1.00     1.00     1.00     1.00     1.01      543
               0.1    -1783   -13.39    -1.73     0.13     0.68     0.89     0.98     1.02     1.05     1.08     5144
               0.2    -7137   -56.68    -9.99    -2.53    -0.32     0.52     0.88     1.04     1.12     1.18     9101
               0.3   -16061  -128.89   -23.79    -6.99    -2.02    -0.12     0.68     1.04     1.20     1.29    10982
               0.4   -28555  -230.03   -43.12   -13.26    -4.40    -1.04     0.40     1.03     1.30     1.42     9897
               0.5   -44619  -360.10   -68.01   -21.33    -7.49    -2.23     0.02     1.00     1.40     1.53     4956
               0.6   -64253  -519.10   -98.44   -31.20   -11.27    -3.69    -0.46     0.95     1.52     1.66    -3170
               0.7   -87456  -706.92  -134.35   -42.83   -15.70    -5.38    -0.99     0.93     1.70     1.88    -5002
               0.8  -114228  -923.64  -175.79   -56.25   -20.82    -7.34    -1.60     0.90     1.91     2.15    -7419
               0.9  -144570 -1169.26  -222.75   -71.47   -26.62    -9.56    -2.30     0.87     2.14     2.44   -10501
               1.0  -178482 -1443.78  -275.24   -88.47   -33.10   -12.04    -3.08     0.84     2.40     2.76   -14327

      0.2     0.01    -7.03     0.95     0.99     1.00     1.00     1.00     1.00     1.01     1.01     1.01     1083
               0.1     -812    -5.33    -0.12     0.69     0.92     1.01     1.04     1.06     1.08     1.13     9991
               0.2    -3253   -24.56    -3.63    -0.36     0.59     0.93     1.08     1.14     1.19     1.27    17015
               0.3    -7322   -56.72    -9.54    -2.15    -0.01     0.78     1.10     1.23     1.30     1.39    19294
               0.4   -13019  -101.83   -17.86    -4.68    -0.87     0.52     1.09     1.32     1.41     1.48    15048
               0.5   -20345  -159.91   -28.59    -7.98    -2.02     0.17     1.05     1.40     1.51     1.51     2496
               0.6   -29298  -230.83   -41.68   -11.98    -3.39    -0.24     1.03     1.53     1.66     1.61    -7299
               0.7   -39878  -314.56   -57.10   -16.68    -4.98    -0.69     1.04     1.71     1.90     1.82   -11309
               0.8   -52086  -411.18   -74.90   -22.10    -6.82    -1.21     1.04     1.92     2.16     2.05   -16542
               0.9   -65922  -520.69   -95.08   -28.25    -8.90    -1.81     1.04     2.15     2.45     2.31   -23158
               1.0   -81386  -643.09  -117.63   -35.12   -11.24    -2.47     1.04     2.41     2.78     2.58   -31317

      0.3     0.01    -3.80     0.98     1.00     1.01     1.01     1.01     1.01     1.01     1.01     1.02     1619
               0.1     -494    -2.67     0.42     0.88     1.01     1.05     1.07     1.09     1.11     1.18    14541
               0.2    -1982   -14.05    -1.55     0.36     0.89     1.08     1.16     1.19     1.23     1.34    23743
               0.3    -4463   -33.18    -4.91    -0.58     0.64     1.07     1.23     1.30     1.34     1.44    24937
               0.4    -7938   -60.09    -9.68    -1.94     0.24     1.00     1.29     1.39     1.42     1.47    15452
               0.5   -12406   -94.80   -15.89    -3.74    -0.33     0.87     1.32     1.46     1.46     1.38    -7529
               0.6   -17866  -136.97   -23.33    -5.84    -0.92     0.81     1.45     1.65     1.66     1.53   -12386
               0.7   -24318  -186.81   -32.14    -8.32    -1.62     0.74     1.61     1.88     1.88     1.70   -18919
               0.8   -31762  -244.33   -42.30   -11.19    -2.43     0.65     1.78     2.14     2.13     1.88   -27368
               0.9   -40200  -309.54   -53.82   -14.44    -3.35     0.54     1.98     2.42     2.41     2.08   -37970
               1.0   -49630  -382.43   -66.70   -18.08    -4.39     0.42     2.19     2.74     2.72     2.29   -50967

      0.4     0.01    -2.20     1.00     1.01     1.01     1.01     1.01     1.01     1.01     1.01     1.02     2153
               0.1     -339    -1.36     0.69     0.98     1.06     1.08     1.10     1.11     1.14     1.23    18795
               0.2    -1364    -8.95    -0.54     0.71     1.04     1.15     1.20     1.22     1.26     1.40    29284
               0.3    -3074   -21.82    -2.70     0.16     0.94     1.19     1.29     1.32     1.35     1.47    27910
               0.4    -5470   -39.99    -5.81    -0.67     0.73     1.19     1.35     1.39     1.39     1.41    11112
               0.5    -8551   -63.37    -9.82    -1.75     0.45     1.18     1.42     1.47     1.43     1.32   -11369
               0.6   -12314   -91.72   -14.59    -2.97     0.20     1.26     1.60     1.67     1.60     1.43   -18430
               0.7   -16761  -125.23   -20.24    -4.41    -0.10     1.34     1.81     1.90     1.81     1.56   -27833 
               0.8   -21893  -163.91   -26.77    -6.09    -0.45     1.43     2.04     2.16     2.03     1.69   -39896
               0.9   -27709  -207.76   -34.17    -7.99    -0.85     1.53     2.30     2.44     2.28     1.82   -54937
               1.0   -34209  -256.79   -42.45   -10.12    -1.30     1.63     2.58     2.75     2.54     1.95   -73277

      0.5     0.01    -1.26     1.01     1.01     1.01     1.01     1.01     1.01     1.01     1.02     1.03     2683
               0.1     -250    -0.60     0.85     1.04     1.09     1.11     1.12     1.13     1.16     1.27    22752
               0.2    -1008    -6.03     0.04     0.91     1.13     1.20     1.22     1.24     1.29     1.44    33639
               0.3    -2274   -15.35    -1.46     0.56     1.09     1.25     1.30     1.32     1.35     1.46    28213
               0.4    -4049   -28.59    -3.67    -0.01     0.96     1.26     1.34     1.35     1.32     1.29     2025
               0.5    -6329   -45.45    -6.42    -0.66     0.85     1.33     1.45     1.45     1.38     1.24   -15874
               0.6    -9115   -65.92    -9.70    -1.41     0.78     1.46     1.64     1.63     1.53     1.32   -25432
               0.7   -12407   -90.12   -13.58    -2.29     0.69     1.61     1.86     1.85     1.70     1.39   -38050
               0.8   -16205  -118.07   -18.07    -3.32     0.57     1.78     2.11     2.09     1.89     1.46   -54126
               0.9   -20511  -149.75   -23.18    -4.49     0.43     1.96     2.38     2.35     2.09     1.53   -74059
               1.0   -25323  -185.19   -28.89    -5.81     0.27     2.16     2.67     2.63     2.31     1.57   -98248

      0.6     0.01    -0.64     1.02     1.02     1.01     1.01     1.01     1.01     1.02     1.02     1.04     3211
               0.1     -193    -0.11     0.96     1.09     1.12     1.12     1.13     1.15     1.18     1.31    26412
               0.2     -783    -4.20     0.39     1.03     1.18     1.22     1.24     1.26     1.30     1.47    36807
               0.3    -1769   -11.33    -0.72     0.79     1.16     1.27     1.30     1.31     1.33     1.43    25847
               0.4    -3151   -21.57    -2.42     0.35     1.05     1.25     1.29     1.27     1.22     1.12   -12047
               0.5    -4924   -34.29    -4.35    -0.03     1.07     1.38     1.44     1.41     1.32     1.16   -21044
               0.6    -7091   -49.85    -6.73    -0.50     1.08     1.54     1.63     1.57     1.45     1.19   -33392
               0.7    -9653   -68.26    -9.55    -1.06     1.09     1.71     1.83     1.76     1.58     1.21   -49571
               0.8   -12609   -89.52   -12.81    -1.72     1.10     1.91     2.07     1.97     1.73     1.22   -70059
               0.9   -15959  -113.64   -16.52    -2.47     1.10     2.12     2.32     2.20     1.88     1.21   -95335
               1.0   -19704  -140.62   -20.68    -3.33     1.09     2.35     2.60     2.44     2.03     1.16  -125878

      0.7     0.01    -0.22     1.03     1.02     1.02     1.02     1.02     1.02     1.02     1.02     1.04     3735
               0.1     -155     0.22     1.03     1.12     1.14     1.14     1.14     1.16     1.20     1.35    29776
               0.2     -633    -3.00     0.62     1.10     1.21     1.23     1.24     1.26     1.31     1.49    38789
               0.3    -1431    -8.74    -0.27     0.91     1.19     1.26     1.27     1.27     1.28     1.36    20812
               0.4    -2550   -16.90    -1.59     0.58     1.11     1.25     1.27     1.24     1.18     1.06   -15544
               0.5    -3986   -26.99    -3.06     0.33     1.17     1.38     1.41     1.36     1.26     1.06   -26879
               0.6    -5741   -39.35    -4.86     0.02     1.22     1.54     1.57     1.50     1.35     1.05   -42309
               0.7    -7814   -53.97    -7.01    -0.35     1.29     1.72     1.76     1.65     1.45     1.02   -62395
               0.8   -10207   -70.87    -9.50    -0.79     1.35     1.91     1.97     1.82     1.54     0.96   -87694
               0.9   -12920   -90.04   -12.34    -1.31     1.41     2.12     2.19     2.00     1.64     0.86  -118766
               1.0   -15952  -111.50   -15.53    -1.89     1.46     2.34     2.43     2.19     1.73     0.72  -156168

      0.8     0.01     0.10     1.04     1.03     1.02     1.02     1.02     1.02     1.02     1.03     1.05     4257
               0.1     -129     0.46     1.08     1.14     1.15     1.15     1.16     1.17     1.22     1.38    32843
               0.2     -529    -2.20     0.76     1.14     1.22     1.24     1.24     1.26     1.31     1.49    39585
               0.3    -1199    -7.04    -0.01     0.95     1.18     1.23     1.23     1.23     1.22     1.27    13107
               0.4    -2137   -13.77    -1.06     0.71     1.13     1.24     1.24     1.20     1.13     1.00   -19468
               0.5    -3340   -22.11    -2.24     0.54     1.20     1.36     1.36     1.30     1.19     0.97   -33379
               0.6    -4810   -32.33    -3.69     0.31     1.27     1.50     1.50     1.41     1.25     0.90   -52184
               0.7    -6547   -44.42    -5.41     0.04     1.34     1.66     1.65     1.53     1.30     0.81   -76522
               0.8    -8553   -58.40    -7.42    -0.29     1.42     1.83     1.83     1.65     1.35     0.67  -107032
               0.9   -10826   -74.28    -9.72    -0.67     1.49     2.01     2.01     1.78     1.38     0.49  -144351
               1.0   -13367   -92.06   -12.30    -1.12     1.56     2.21     2.20     1.92     1.40     0.24  -189118

      0.9     0.01     0.33     1.05     1.03     1.02     1.02     1.02     1.02     1.02     1.03     1.05     4776
               0.1     -111     0.62     1.12     1.16     1.16     1.16     1.17     1.19     1.24     1.41    35614
               0.2     -457    -1.67     0.85     1.16     1.22     1.23     1.24     1.25     1.30     1.48    39194
               0.3    -1037    -5.95     0.12     0.95     1.14     1.18     1.18     1.16     1.15     1.14     2733
               0.4    -1847   -11.68    -0.74     0.77     1.12     1.20     1.20     1.16     1.08     0.93   -23816
               0.5    -2888   -18.85    -1.74     0.63     1.18     1.31     1.30     1.23     1.11     0.86   -40544
               0.6    -4159   -27.63    -2.98     0.44     1.24     1.42     1.41     1.31     1.13     0.75   -63017
               0.7    -5662   -38.04    -4.45     0.21     1.30     1.55     1.53     1.39     1.14     0.58   -91953
               0.8    -7396   -50.07    -6.17    -0.07     1.36     1.69     1.66     1.47     1.13     0.37  -128072
               0.9    -9362   -63.75    -8.14    -0.40     1.42     1.83     1.79     1.54     1.11     0.09  -172091
               1.0   -11560   -79.08   -10.36    -0.79     1.46     1.98     1.92     1.61     1.06    -0.26  -224728

      1.0     0.01     0.51     1.05     1.03     1.03     1.02     1.02     1.02     1.03     1.03     1.06     5291
               0.1   -97.87     0.74     1.15     1.18     1.17     1.17     1.18     1.20     1.25     1.43    38088
               0.2     -406    -1.33     0.89     1.16     1.21     1.22     1.22     1.24     1.29     1.46    37617
               0.3     -925    -5.30     0.15     0.90     1.08     1.11     1.11     1.09     1.06     0.99   -10310
               0.4    -1645   -10.31    -0.57     0.78     1.09     1.16     1.15     1.11     1.03     0.86   -28591
               0.5    -2572   -16.71    -1.47     0.64     1.13     1.24     1.22     1.15     1.03     0.74   -48374
               0.6    -3704   -24.56    -2.59     0.46     1.17     1.32     1.30     1.20     1.01     0.57   -74807
               0.7    -5043   -33.87    -3.93     0.23     1.20     1.41     1.38     1.24     0.97     0.34  -108687
               0.8    -6588   -44.64    -5.49    -0.05     1.22     1.51     1.46     1.27     0.91     0.05  -150814
               0.9    -8340   -56.89    -7.29    -0.38     1.24     1.59     1.54     1.28     0.82    -0.33  -201985
               1.0   -10298   -70.62    -9.32    -0.77     1.24     1.68     1.61     1.28     0.69    -0.80  -262998
=====================================================================================================================
        #        #        #        #        #        #        #        #        #        #        #        #        #
   ED5-3 Tee, Dc < or = 10 inches (250 mm), Converging (Sepsy 1973)
                                            Cs
           Qs/Qc->     0.01      0.1      0.2      0.3      0.4      0.5      0.6      0.7      0.8      0.9      1.0
    As/Ac    Ab/Ac
     0.01     0.01    63.08     1.05     0.99     0.98     0.98     0.98     0.98     0.98     0.98     0.98     0.98
               0.1     7.93     1.00     0.98     0.98     0.98     0.98     0.98     0.98     0.98     0.98     0.98
               0.2     4.85     1.00     0.98     0.98     0.98     0.98     0.98     0.98     0.98     0.98     0.98
               0.3     3.82     1.00     0.98     0.98     0.98     0.98     0.98     0.98     0.98     0.98     0.98
               0.4     3.30     1.00     0.98     0.98     0.98     0.98     0.98     0.98     0.98     0.98     0.98
               0.5     2.98     1.00     0.98     0.98     0.98     0.98     0.98     0.98     0.98     0.98     0.98
               0.6     2.77     1.00     0.98     0.98     0.98     0.98     0.98     0.98     0.98     0.98     0.98
               0.7     2.61     9.99     0.98     0.98     0.98     0.98     0.98     0.98     0.98     0.98     0.98
               0.8     2.49     0.99     0.98     0.98     0.98     0.98     0.98     0.98     0.98     0.98     0.98
               0.9     2.39     0.99     0.98     0.98     0.98     0.98     0.98     0.98     0.98     0.98     0.98
               1.0     2.31     0.99     0.98     0.98     0.98     0.98     0.98     0.98     0.98     0.98     0.98

      0.1     0.01    52768    50.31     6.54     2.37     1.40     1.08     0.95     0.88     0.85     0.83     0.82
               0.1     4697     6.57     1.67     1.10     0.95     0.88     0.85     0.84     0.83     0.82     0.82
               0.2     2052     4.13     1.39     1.03     0.92     0.87     0.85     0.83     0.83     0.82     0.82
               0.3     1187     3.30     1.30     1.00     0.91     0.87     0.85     0.83     0.82     0.82     0.82
               0.4      768     2.89     1.24     0.99     0.90     0.86     0.84     0.83     0.82     0.82     0.82
               0.5      528     2.63     1.21     0.97     0.90     0.86     0.84     0.83     0.82     0.82     0.81
               0.6      376     2.45     1.18     0.97     0.89     0.86     0.84     0.83     0.82     0.82     0.81
               0.7      275     2.32     1.16     0.96     0.89     0.86     0.84     0.83     0.82     0.82     0.81
               0.8      206     2.22     1.15     0.95     0.89     0.85     0.84     0.83     0.82     0.82     0.81
               0.9      158     2.14     1.13     0.95     0.88     0.85     0.84     0.83     0.82     0.82     0.81
               1.0      125     2.07     1.12     0.94     0.88     0.85     0.84     0.83     0.82     0.82     0.81

      0.2     0.01   356943   331.08    38.24    10.66     4.39     2.30     1.45     1.05     0.84     0.73     0.67
               0.1    30885    34.53     5.26     2.11     1.29     0.98     0.84     0.76     0.71     0.68     0.66  
               0.2    12986    18.11     3.42     1.62     1.11     0.90     0.80     0.74     0.70     0.68     0.66
               0.3     7172    12.67     2.79     1.45     1.04     0.87     0.78     0.73     0.70     0.68     0.66
               0.4     4378     9.98     2.47     1.36     1.01     0.85     0.77     0.72     0.69     0.67     0.66
               0.5     2793     8.39     2.27     1.30     0.98     0.84     0.76     0.72     0.69     0.67     0.66
               0.6     1811     7.34     2.13     1.26     0.96     0.83     0.76     0.72     0.69     0.67     0.66
               0.7     1176     6.61     2.02     1.22     0.95     0.82     0.75     0.71     0.69     0.67     0.65
               0.8      756     6.08     1.94     1.19     0.93     0.81     0.75     0.71     0.68     0.67     0.65
               0.9      479     5.68     1.87     1.17     0.92     0.80     0.74     0.70     0.68     0.66     0.65
               1.0      222     4.55     1.61     1.05     0.86     0.76     0.71     0.68     0.66     0.65     0.64

      0.3     0.01  1002668   925.05   105.15    28.23    10.78     5.02     2.67     1.58     1.02     0.72     0.54    
               0.1    84831    90.35    12.35     4.15     2.07     1.30     0.95     0.76     0.65     0.59     0.54
               0.2    34586    44.33     7.19     2.80     1.57     1.08     0.84     0.71     0.63     0.57     0.54
               0.3    18362    29.24     5.46     2.33     1.40     1.00     0.80     0.69     0.62     0.57     0.53 
               0.4    10643    21.88     4.59     2.09     1.30     0.96     0.78     0.67     0.61     0.56     0.53
               0.5     6325    17.62     4.06     1.93     1.24     0.92     0.76     0.66     0.60     0.56     0.53
               0.6     3709    14.90     3.71     1.82     1.19     0.90     0.74     0.65     0.59     0.55     0.52
               0.7     2065    13.06     3.45     1.74     1.15     0.88     0.73     0.64     0.59     0.55     0.52
               0.8     1028    11.78     3.26     1.67     1.12     0.86     0.72     0.63     0.58     0.54     0.51
               0.9      212     9.02     2.64     1.41     0.97     0.77     0.66     0.59     0.54     0.51     0.49
               1.0     -136     8.36     2.52     1.36     0.95     0.75     0.65     0.58     0.54     0.51     0.49

      0.4     0.01  1937801  1784.59   201.94    53.66    20.09     9.02     4.52     2.42     1.35     0.78     0.45
               0.1   159892   167.76    22.21     7.04     3.22     1.81     1.17     0.84     0.64     0.52     0.44  
               0.2    62910    78.99    12.25     4.42     2.26     1.39     0.97     0.74     0.60     0.50     0.44
               0.3    31839    50.14     8.96     3.54     1.92     1.24     0.90     0.70     0.57     0.49     0.43
               0.4    17246    36.26     7.32     3.08     1.74     1.16     0.85     0.67     0.56     0.48     0.42
               0.5     9244    28.38     6.35     2.80     1.63     1.10     0.82     0.65     0.54     0.47     0.42
               0.6     4538    23.50     5.72     2.61     1.54     1.05     0.79     0.63     0.53     0.46     0.41
               0.7     1715    20.32     5.27     2.46     1.47     1.02     0.77     0.62     0.52     0.45     0.40
               0.8     -260    14.94     4.13     1.98     1.21     0.85     0.65     0.53     0.46     0.40     0.36
               0.9    -1121    13.55     3.88     1.89     1.16     0.82     0.63     0.52     0.45     0.39     0.36
               1.0    -1433    12.66     3.69     1.80     1.12     0.79     0.62     0.51     0.44     0.39     0.35

      0.5     0.01  3004506  2765.97   312.62    82.81    30.79    13.65     6.67     3.43     1.78     0.89     0.38
               0.1   240174   252.09    33.17    10.32     4.56     2.44     1.47     0.97     0.67     0.49     0.37
               0.2    90121   114.73    17.76     6.27     3.07     1.79     1.16     0.81     0.60     0.46     0.36
               0.3    42576    70.56    12.71     4.92     2.56     1.56     1.05     0.75     0.56     0.44     0.35
               0.4    20656    49.68    10.24     4.23     2.29     1.43     0.98     0.71     0.54     0.42     0.34
               0.5     8988    38.12     8.81     3.81     2.11     1.34     0.93     0.68     0.52     0.41     0.33
               0.6     2444    31.23     7.90     3.53     1.99     1.27     0.88     0.65     0.50     0.39     0.32
               0.7    -1683    21.87     6.00     2.75     1.57     1.01     0.71     0.52     0.40     0.32     0.26
               0.8    -3467    19.30     5.57     2.59     1.49     0.96     0.67     0.50     0.38     0.30     0.25
               0.9    -4031    17.84     5.27     2.46     1.42     0.92     0.65     0.48     0.37     0.29     0.24
               1.0    -3741    17.16     5.05     2.36     1.36     0.88     0.62     0.46     0.35     0.28     0.23

      0.6     0.01  3875843  3662.66   414.19   190.70    40.73    17.97     8.91     4.40     2.20     1.01     0.33
               0.1   304186   323.56    42.99    13.40     5.88     3.09     1.80     1.12     0.73     0.48     0.32
               0.2   106319   142.32    22.64     8.06     3.91     2.23     1.39     0.92     0.63     0.44     0.30
               0.3    44655    84.89    16.05     6.28     3.24     1.92     1.23     0.83     0.58     0.41     0.29
               0.4    17040    58.43    12.90     5.39     2.88     1.75     1.14     0.78     0.55     0.39     0.27
               0.5     3046    44.34    11.13     4.86     2.66     1.63     1.07     0.74     0.52     0.37     0.26
               0.6    -4876    29.06     8.20     3.69     2.04     1.25     0.81     0.55     0.38     0.26     0.17
               0.7    -8168    24.71     7.51     3.44     1.91     1.18     0.77     0.52     0.35     0.24     0.16
               0.8    -9029    22.56     7.06     3.26     1.81     1.11     0.72     0.48     0.33     0.22     0.14
               0.9    -8268    21.89     6.78     3.12     1.73     1.06     0.68     0.45     0.30     0.20     0.13
               1.0    -6372    22.24     6.61     3.00     1.65     1.00     0.65     0.43     0.28     0.18     0.11

      0.7     0.01  4592359  4238.57   480.39   127.51    47.43    20.95    10.14     5.09     2.51     1.11     0.31   
               0.1   328507   360.67    49.26    15.65     6.94     3.65     2.11     1.29     0.80     0.49     0.29
               0.2   101368   152.32    25.82     9.48     4.66     2.65     1.63     1.04     0.68     0.44     0.27
               0.3    32491    87.85    18.38     7.46     3.88     2.29     1.44     0.94     0.62     0.40     0.25
               0.4     3180    59.34    14.92     6.47     3.48     2.09     1.33     0.87     0.58     0.37     0.23
               0.5   -11309    35.18    10.56     4.78     2.60     1.55     0.97     0.62     0.38     0.22     0.10
               0.6   -16881    28.26     9.51     4.41     2.42     1.45     0.90     0.57     0.35     0.19     0.08
               0.7   -17931    25.45     8.91     4.16     2.28     1.36     0.85     0.53     0.32     0.17     0.06
               0.8   -16155    25.21     8.60     3.99     2.18     1.29     0.79     0.49     0.28     0.14     0.04
               0.9   -12495    26.68     8.48     3.86     2.08     1.22     0.74     0.45     0.25     0.12     0.02
               1.0    -7516    29.34     8.49     3.77     2.01     1.16     0.70     0.41     0.22     0.10     0.00

      0.8     0.01  4598679  4261.31   485.37   129.53    48.45    21.52    10.47     5.28     2.61     1.14     0.29 
               0.1   291439   343.46    49.71    16.47     7.52     4.02     2.35     1.43     0.87     0.51     0.27
               0.2    66726   136.74    26.38    10.30     5.22     3.01     1.85     1.17     0.74     0.45     0.24
               0.3     2051    75.52    19.20     8.32     4.45     2.64     1.66     1.06     0.67     0.41     0.22
               0.4   -23925    37.55    12.79     5.92     3.23     1.91     1.17     0.72     0.42     0.21     0.06
               0.5   -32586    27.25    11.28     5.41     2.98     1.77     1.08     0.66     0.37     0.18     0.03
               0.6   -33245    24.23    10.57     5.10     2.81     1.66     1.01     0.60     0.33     0.14     0.01
               0.7   -29331    25.36    10.32     4.91     2.69     1.57     0.94     0.55     0.29     0.11    -0.02
               0.8   -22560    29.09    10.37     4.80     2.59     1.50     0.88     0.50     0.25     0.08    -0.05
               0.9   -13883    34.55    10.60     4.74     2.50     1.42     0.82     0.46     0.21     0.05    -0.07
               1.0   - 3873    41.23    10.98     4.71     2.43     1.36     0.77     0.41     0.18     0.01    -0.10

      0.9     0.01  3780095  3535.47   407.37   110.10    41.75    18.82     9.30     4.77     2.40     1.08     0.30 
               0.1   176668   256.86    42.66    15.41     7.44     4.14     2.48     1.53     0.93     0.54     0.27
               0.2    -2726    90.70    23.73    10.34     5.54     3.28     2.05     1.30     0.81     0.47     0.23
               0.3   -49590    29.93    14.20     6.95     3.86     2.30     1.41     0.85     0.48     0.22     0.03
               0.4   -61247    16.27    12.21     6.28     3.55     2.12     1.29     0.77     0.42     0.18     0.00
               0.5   -59484    14.80    11.58     5.96     3.35     1.99     1.20     0.70     0.37     0.14    -0.03
               0.6   -51013    19.43    11.62     5.81     3.23     1.89     1.13     0.64     0.32     0.10    -0.07
               0.7   -38707    27.55    12.06     5.77     3.14     1.81     1.06     0.59     0.27     0.06    -0.10
               0.8   -24005    37.84    12.73     5.79     3.07     1.74     0.99     0.53     0.23     0.02    -0.13
               0.9    -7705    49.59    13.57     5.85     3.01     1.67     0.93     0.48     0.18    -0.02    -0.17
               1.0     9713    62.35    14.52     5.94     2.97     1.61     0.87     0.42     0.14    -0.06    -0.20

      1.0     0.01  1999157  1935.86   232.45    65.61    26.02    12.28     6.36     3.44     1.84     0.90     0.31
               0.1   -23076    94.95    27.29    12.24     6.64     3.96     2.48     1.57     0.98     0.57     0.28
               0.2  -108901    -6.40    12.70     7.32     4.31     2.64     1.64     1.00     0.56     0.25     0.03
               0.3  -116776   -17.35    10.90     6.66     3.97     2.44     1.51     0.90     0.49     0.20    -0.01
               0.4  -105676   -11.05    11.02     6.50     3.82     2.32     1.41     0.83     0.43     0.15    -0.05
               0.5   -86986     2.15    11.91     6.54     3.74     2.23     1.33     0.76     0.38     0.10    -0.10
               0.6   -64501    18.80    13.18     6.67     3.70     2.16     1.26     0.70     0.32     0.06    -0.14
               0.7   -39847    37.42    14.67     6.86     3.68     2.09     1.19     0.63     0.26     0.01    -0.18
               0.8   -13839    57.27    16.30     7.09     3.67     2.03     1.12     0.57     0.21    -0.04    -0.22
               0.9    13074    77.95    18.02     7.35     3.66     1.97     1.06     0.51     0.15    -0.09    -0.26
               1.0    40619    99.20    19.80     7.61     3.67     1.92     1.00     0.45     0.10    -0.14    -0.30
=====================================================================================================================
        #        #        #        #        #        #        #        #        #        #        #        #        #
         ED5-3  Tee, Dc > 10 inches (250 mm), Converging (Sepsy 1973)
                                              Cb
           Qb/Qc->     0.01      0.1      0.2      0.3      0.4      0.5      0.6      0.7      0.8      0.9      1.0
    As/Ac    Ab/Ac
     0.01     0.01     -194    -0.61     0.68     0.89     0.96     0.98     0.99     1.00     1.00     1.00   -16.44
               0.1   -19455  -159.55   -30.64    -9.73    -3.41    -0.95     0.15     0.66     0.89     0.98     -157
               0.2   -77828  -641.23  -125.56   -41.92   -16.65    -6.78    -2.40    -0.36     0.58     0.95     -280
               0.3  -175121 -1444.07  -283.78   -95.57   -38.70   -16.49    -6.65    -2.06     0.06     0.91     -368
               0.4  -311341 -2568.14  -505.30  -170.70   -69.58   -30.10   -12.60    -4.43    -0.67     0.85     -419
               0.5  -486494 -4013.49  -790.14  -267.29  -109.30   -47.60   -20.25    -7.48    -1.60     0.77     -435
               0.6  -700583 -5780.18 -1138.31  -385.37  -157.84   -68.99   -29.61   -11.21    -2.74     0.68     -416
               0.7  -953616 -7868.25 -1549.83  -524.94  -215.23   -94.27   -40.67   -15.63    -4.09     0.57     -361
               0.8 -1245596-10277.76 -2024.71  -686.00  -281.45  -123.46   -53.44   -20.72    -5.65     0.45     -270
               0.9 -1576529-13008.76 -2562.97  -868.56  -356.51  -156.54   -67.91   -26.50    -7.42     0.30     -144
               1.0 -1946422-16061.31 -3164.61 -1072.62  -440.42  -193.52   -84.10   -32.96    -9.40     0.14    17.80

      0.1     0.01   -17.24     0.84     0.97     0.99     0.99     1.00     1.00     1.00     1.00     1.00     -157
               0.1    -1815   -13.86    -1.90     0.03     0.61     0.83     0.92     0.96     0.98     0.98    -1423
               0.2    -7265   -58.25   -10.48    -2.80    -0.51     0.36     0.74     0.90     0.96     0.96    -2491
               0.3   -16355  -132.23   -24.75    -7.50    -2.36    -0.39     0.45     0.82     0.96     0.96    -3203
               0.4   -29089  -235.84   -44.74   -14.07    -4.93    -1.43     0.07     0.73     0.98     0.99    -3559
               0.5   -45473  -369.15   -70.45   -22.51    -8.23    -2.76    -0.42     0.61     1.01     1.05    -3559
               0.6   -65512  -532.21  -101.89   -32.83   -12.26    -4.38    -1.00     0.48     1.06     1.13    -3203
               0.7   -89212  -725.06  -139.08   -45.04   -17.02    -6.30    -1.70     0.33     1.13     1.24    -2491
               0.8  -116578  -947.77  -182.03   -59.15   -22.53    -8.52    -2.50     0.16     1.22     1.38    -1424
               0.9  -147616 -1200.38  -230.76   -75.15   -28.78   -11.03    -3.40    -0.03     1.32     1.55     0.19
               1.0  -182329 -1482.95  -285.27   -93.06   -35.78   -13.84    -4.41    -0.25     1.43     1.75     1780 

      0.2     0.01    -7.54     0.92     0.98     0.99     1.00     1.00     1.00     1.00     1.00     1.00     -280
               0.1     -837    -5.86    -0.35     0.54     0.81     0.91     0.95     0.97     0.97     0.96    -2491
               0.2    -3350    26.08    -4.19    -0.70     0.33     0.71     0.87     0.93     0.95     0.93    -4271
               0.3    -7545   -59.71   -10.53    -2.72    -0.43     0.43     0.78     0.91     0.95     0.91    -5339
               0.4   -13425  -106.78   -19.39    -5.53    -1.46     0.05     0.67     0.91     0.97     0.91    -5695
               0.5   -20997  -167.36   -30.77    -9.12    -2.78    -0.42     0.55     0.93     1.02     0.93    -5339
               0.6   -30266  -241.50   -44.68   -13.50    -4.37    -0.97     0.42     0.96     1.10     0.98    -4271 
               0.7   -41237  -329.25   -61.15   -18.68    -6.25    -1.62     0.27     1.02     1.21     1.06    -2491
               0.8   -53916  -430.67   -80.18   -24.67    -8.42    -2.37     0.10     1.09     1.35     1.17     0.36
               0.9   -68307  -545.81  -101.78   -31.47   -10.89    -3.22    -0.08     1.17     1.52     1.31     3204
               1.0   -84417  -674.72  -125.98   -39.08   -13.64    -4.17    -0.28     1.28     1.72     1.48     7120

      0.3     0.01    -4.36     0.94     0.99     0.99     1.00     1.00     1.00     1.00     1.00     1.00     -367   
               0.1     -512    -3.26     0.15     0.70     0.86     0.93     0.96     0.97     0.97     0.95    -3203
               0.2    -2049   -15.50    -2.16    -0.04     0.58     0.81     0.90     0.93     0.94     0.91    -5339
               0.3    -4615   -35.76    -5.90    -1.20     0.16     0.66     0.85     0.92     0.92     0.88    -6407
               0.4    -8216   -64.09   -11.09    -2.78    -0.38     0.48     0.82     0.93     0.94     0.86    -6407
               0.5   -12856  -100.54   -17.73    -4.78    -1.06     0.29     0.80     0.97     0.98     0.87    -5339  
               0.6   -18542  -145.16   -25.85    -7.21    -1.86     0.06     0.80     1.05     1.05     0.90    -3203
               0.7   -25278  -198.01   -35.46   -10.08    -2.81    -0.19     0.82     1.15     1.16     0.96     0.51 
               0.8   -33070  -259.13   -46.56   -13.39    -3.89    -0.47     0.85     1.28     1.30     1.05     4272
               0.9   -41923  -328.59   -59.18   -17.15    -5.11    -0.78     0.89     1.44     1.47     1.17     9612
               1.0   -51843  -406.44   -73.33   -21.37    -6.48    -1.12     0.94     1.63     1.68     1.32    16020

      0.4     O.O1    -2.81     0.95     0.99     0.99     1.00     1.00     1.00     1.00     1.00     1.00     -419
               0.1     -351    -1.99     0.38     0.77     0.89     0.94     0.96     0.97     0.97     0.95    -3559
               0.2    -1401   -10.31    -1.18     0.26     0.69     0.84     0.91     0.93     0.93     0.90    -5695
               0.3    -3156   -23.96    -3.65    -0.48     0.43     0.75     0.88     0.91     0.91     0.86    -6407
               0.4    -5620   -42.98    -7.03    -1.46     0.11     0.67     0.87     0.93     0.91     0.84    -5695
               0.5    -8799   -67.44   -11.35    -2.69    -0.26     0.59     0.90     0.97     0.94     0.84    -3559
               0.6   -12698   -97.39   -16.60    -4.17    -0.69     0.52     0.95     1.06     1.01     0.87     0.64
               0.7   -17323  -132.88   -22.81    -5.91    -1.17     0.46     1.03     1.17     1.11     0.92     4985
               0.8   -22679  -173.96   -29.99    -7.90    -1.73     0.40     1.15     1.33     1.24     1.00    11392
               0.9   -28771  -220.69   -38.15   -10.16    -2.35     0.35     1.29     1.51     1.40     1.11    19224
               1.0   -35605  -273.12   -47.31   -12.70    -3.04     0.29     1.45     1.74     1.61     1.26    28480

      0.5     0.01    -1.91     0.96     0.99     0.99     1.00     1.00     1.00     1.00     1.00     1.00     -435  
               0.1     -254    -1.26     0.51     0.81     0.90     0.94     0.96     0.97     0.96     0.95    -3559
               0.2    -1014    -7.26    -0.62     0.43     0.75     0.86     0.91     0.93     0.93     0.90    -5339
               0.3    -2284   -16.99    -2.35    -0.07     0.57     0.80     0.89     0.91     0.90     0.87    -5339
               0.4    -4069   -30.49    -4.67    -0.72     0.38     0.76     0.89     0.92     0.90     0.85    -3559
               0.5    -6375   -47.82    -7.61    -1.50     0.19     0.75     0.93     0.97     0.93     0.85     0.75
               0.6    -9206   -69.03   -11.17    -2.42    -0.03     0.76     1.01     1.05     0.98     0.88     5341
               0.7   -12569   -94.17   -15.37    -3.49    -0.26     0.80     1.13     1.17     1.07     0.93    12460
               0.8   -16469  -123.30   -20.22    -4.71    -0.50     0.87     1.29     1.33     1.20     1.02    21360
               0.9   -20911  -156.48   -25.73    -6.09    -0.77     0.96     1.48     1.53     1.36     1.13    32040 
               1.0   -25900  -193.74   -31.92    -7.63    -1.07     1.06     1.71     1.77     1.56     1.28    44500

      0.6     0.01    -1.32     0.97     0.99     1.00     1.00     1.00     1.00     1.00     1.00     1.00     -416
               0.1     -191    -0.79     0.59     0.83     0.91     0.95     0.96     0.97     0.97     0.95    -3203
               0.2     -758    -5.28    -0.27     0.54     0.78     0.88     0.91     0.93     0.93     0.91    -4271
               0.3    -1706   -12.43    -1.51     0.18     0.66     0.83     0.89     0.91     0.91     0.89    -3203
               0.4    -3041   -22.29    -3.15    -0.25     0.55     0.82     0.90     0.92     0.91     0.88     0.84
               0.5    -4767   -34.92    -5.19    -0.74     0.46     0.84     0.95     0.96     0.93     0.89     5341
               0.6    -6891   -50.35    -7.64    -1.30     0.38     0.91     1.05     1.04     0.98     0.93    12817
               0.7    -9416   -68.66   -10.52    -1.94     0.32     1.01     1.18     1.16     1.07     0.99    22428
               0.8   -12350   -89.89   -13.83    -2.65     0.26     1.15     1.36     1.33     1.19     1.08    34176 
               0.9   -15696  -114.09   -17.61    -3.46     0.22     1.32     1.59     1.53     1.35     1.21    48060
               1.0   -19461  -141.33   -21.84    -4.35     0.18     1.54     1.85     1.77     1.54     1.37    64080

      0.7     0.01    -0.91     0.97     0.99     1.00     1.00     1.00     1.00     1.00     1.00     1.00     -360  
               0.1     -146    -0.47     0.65     0.85     0.92     0.95     0.96     0.97     0.97     0.96    -2491
               0.2     -576    -3.90    -0.03     0.61     0.81     0.89     0.92     0.94     0.94     0.93    -2491
               0.3    -1296    -9.25    -0.94     0.35     0.72     0.85     0.90     0.92     0.92     0.92     0.91
               0.4    -2311   -16.54    -2.10     0.07     0.66     0.85     0.91     0.93     0.92     0.92     4985
               0.5    -3626   -25.85    -3.51    -0.22     0.64     0.90     0.97     0.97     0.94     0.95    12461
               0.6    -5247   -37.21    -5.18    -0.54     0.65     1.00     1.07     1.05     1.00     1.00    22429
               0.7    -7178   -50.68    -7.13    -0.87     0.70     1.14     1.22     1.17     1.08     1.08    34888
               0.8    -9425   -66.31    -9.37    -1.24     0.78     1.33     1.41     1.33     1.21     1.20    49840
               0.9   -11994   -84.17   -11.92    -1.64     0.89     1.56     1.65     1.53     1.36     1.34    67284
               1.0   -14889  -104.29   -14.78    -2.09     1.03     1.84     1.94     1.78     1.56     1.52    87220

      0.8     0.01    -0.62     0.97     0.99     1.00     1.00     1.00     1.00     1.00     1.00     1.00     -270    
               0.1     -112    -0.23     0.69     0.87     0.93     0.95     0.97     0.97     0.98     0.97    -1423   
               0.2     -441    -2.90     0.15     0.67     0.83     0.90     0.93     0.94     0.95     0.96     0.96
               0.3     -992    -6.91    -0.53     0.47     0.76     0.87     0.91     0.93     0.94     0.96     4273
               0.4    -1768   -12.31    -1.34     0.30     0.74     0.88     0.93     0.94     0.95     0.98    11393
               0.5    -2777   -19.16    -2.29     0.15     0.77     0.94     0.99     0.98     0.98     1.03    21361
               0.6    -4023   -27.50    -3.39     0.01     0.84     1.06     1.09     1.06     1.03     1.11    34177
               0.7    -5511   -37.38    -4.66    -0.11     0.97     1.23     1.24     1.18     1.12     1.21    49840
               0.8    -7247   -48.87    -6.11    -0.22     1.15     1.46     1.45     1.35     1.25     1.35    68352
               0.9    -9236   -62.01    -7.75    -0.33     1.37     1.73     1.70     1.55     1.41     1.52    89712
               1.0   -11484   -76.85    -9.59    -0.44     1.63     2.06     2.00     1.80     1.61     1.73   113920

      0.9     0.01    -0.39     0.98     0.99     1.00     1.00     1.00     1.00     1.00     1.00     1.00     -143       
               0.1   -86.46    -0.05     0.72     0.88     0.93     0.96     0.97     0.98     0.99     0.99     0.99
               0.2     -337    -2.14     0.28     0.71     0.85     0.91     0.94     0.96     0.97     0.99     3205
               0.3     -757    -5.14    -0.21     0.57     0.80     0.88     0.92     0.95     0.97     1.02     9613
               0.4    -1350    -9.09    -0.76     0.47     0.80     0.91     0.94     0.96     0.98     1.06    19225
               0.5    -2122   -14.06    -1.36     0.42     0.86     0.98     1.01     1.01     1.02     1.14    32041
               0.6    -3078   -20.08    -2.04     0.42     0.99     1.11     1.12     1.09     1.09     1.24    48061
               0.7    -4225   -27.21    -2.79     0.47     1.17     1.30     1.27     1.21     1.19     1.38    67284 
               0.8    -5566   -35.50    -3.63     0.55     1.42     1.55     1.49     1.38     1.32     1.55    89712
               0.9    -7108   -45.01    -4.57     0.66     1.72     1.86     1.75     1.59     1.49     1.75   115344
               1.0    -8856   -55.79    -5.64     0.80     2.08     2.22     2.06     1.84     1.69     1.99   144180

      1.0     0.01    -0.21     0.98     1.00     1.00     1.00     1.00     1.00     1.00     1.00     1.00    18.80     
               0.1   -66.20     0.09     0.75     0.89     0.94     0.97     0.98     0.99     1.00     1.01     1781  
               0.2     -255    -1.54     0.39     0.74     0.87     0.92     0.95     0.97     0.99     1.03     7121
               0.3     -570    -3.75     0.03     0.64     0.83     0.90     0.94     0.97     1.00     1.08    16021 
               0.4    -1018    -6.57    -0.32     0.61     0.85     0.93     0.97     0.99     1.03     1.16    28481
               0.5    -1602   -10.05    -0.65     0.64     0.94     1.02     1.03     1.04     1.08     1.26    44501
               0.6    -2330   -14.24    -0.98     0.74     1.10     1.16     1.15     1.13     1.16     1.40    64081
               0.7    -3205   -19.20    -1.32     0.91     1.33     1.37     1.31     1.26     1.27     1.57    87220
               0.8    -4234   -24.98    -1.69     1.14     1.63     1.63     1.53     1.43     1.41     1.78   113920
               0.9    -5421   -31.62    -2.10     1.42     2.00     1.96     1.80     1.64     1.59     2.02   144180
               1.0    -6772   -39.19    -2.55     1.76     2.43     2.35     2.12     1.90     1.81     2.30   178000
=====================================================================================================================
        #        #        #        #        #        #        #        #        #        #        #        #        #
   ED5-3  Tee, Dc > 10 inches (250 mm), Converging (Sepsy 1973)
                                              Cs
           Qs/Qc->     0.01      0.1      0.2      0.3      0.4      0.5      0.6      0.7      0.8      0.9      1.0
    As/Ac    Ab/Ac
     0.01     0.01    95.00     1.07     0.99     0.98     0.98     0.98     0.98     0.98     0.98     0.98     0.98 
               0.1     8.97     1.00     0.99     0.98     0.98     0.98     0.98     0.98     0.98     0.98     0.98 
               0.2     5.19     0.99     0.99     0.98     0.98     0.98     0.98     0.98     0.98     0.98     0.98 
               0.3     3.67     0.99     0.99     0.98     0.98     0.98     0.98     0.98     0.98     0.98     0.98 
               0.4     2.93     0.99     0.99     0.98     0.98     0.98     0.98     0.98     0.98     0.98     0.98 
               0.5     2.52     0.99     0.99     0.98     0.98     0.98     0.98     0.98     0.98     0.98     0.98 
               0.6     2.25     0.99     0.99     0.98     0.98     0.98     0.98     0.98     0.98     0.98     0.98 
               0.7     1.97     0.99     0.99     0.98     0.98     0.98     0.98     0.98     0.98     0.98     0.98 
               0.8     1.93     0.99     0.99     0.98     0.98     0.98     0.98     0.98     0.98     0.98     0.98
               0.9     1.89     0.99     0.99     0.98     0.98     0.98     0.98     0.98     0.98     0.98     0.98 
               1.0     1.84     0.99     0.99     0.98     0.98     0.98     0.98     0.98     0.98     0.98     0.98 

      0.1     0.01    80456    74.71     9.13     3.00     1.61     1.16     0.97     0.89     0.84     0.82     0.81 
               0.1     6932     7.87     1.70     1.07     0.92     0.86     0.84     0.82     0.82     0.81     0.81
               0.2     2900     4.21     1.30     0.97     0.88     0.85     0.83     0.82     0.81     0.81     0.81
               0.3     1592     3.02     1.16     0.93     0.87     0.84     0.83     0.82     0.81     0.81     0.81
               0.4      966     2.45     1.10     0.92     0.86     0.84     0.83     0.82     0.81     0.81     0.81
               0.5      612     2.13     1.07     0.91     0.86     0.84     0.82     0.82     0.81     0.81     0.81
               0.6      394     1.93     1.04     0.90     0.86     0.84     0.82     0.82     0.81     0.81     0.81
               0.7      254     1.80     1.03     0.90     0.85     0.83     0.82     0.82     0.81     0.81     0.81  
               0.8      163     1.72     1.02     0.90     0.85     0.83     0.82     0.82     0.81     0.81     0.81
               0.9      105     1.67     1.01     0.89     0.85     0.83     0.82     0.82     0.81     0.81     0.81
               1.0    68.51     1.63     1.01     0.89     0.85     0.83     0.82     0.82     0.81     0.81     0.81

      0.2     0.01   537912   492.70    55.75    15.06     5.90     2.91     1.70     1.14     0.87     0.72     0.63
               0.1    45363    44.93     6.00     2.16     1.24     0.92     0.78     0.71     0.67     0.65     0.63
               0.2    18416    20.43     3.28     1.45     0.98     0.81     0.73     0.69     0.66     0.64     0.63 
               0.3     9726    12.53     2.40     1.22     0.90     0.77     0.71     0.68     0.66     0.64     0.63
               0.4     5600     8.78     1.98     1.12     0.86     0.76     0.70     0.67     0.66     0.64     0.63
               0.5     3300     6.69     1.75     1.06     0.84     0.75     0.70     0.67     0.65     0.64     0.63
               0.6     1914     5.43     1.61     1.02     0.83     0.74     0.70     0.67     0.65     0.64     0.63
               0.7     1048     4.64     1.52     1.00     0.82     0.74     0.70     0.67     0.65     0.64     0.63
               0.8      509     4.15     1.47     0.98     0.81     0.74     0.69     0.67     0.65     0.64     0.63
               0.9      187     3.86     1.43     0.97     0.81     0.74     0.69     0.67     0.65     0.64     0.63
               1.0    17.15     3.71     1.42     0.97     0.81     0.73     0.69     0.67     0.65     0.64     0.63

      0.3     0.01  1488983  1360.98   152.64    40.22    14.97     6.72     3.40     1.87     1.11     0.70     0.48  
               0.1   122772   118.96    14.64     4.45     2.03     1.20     0.84     0.66     0.57     0.51     0.48
               0.2    48278    51.24     7.11     2.49     1.33     0.90     0.70     0.60     0.54     0.50     0.48
               0.3    24434    29.57     4.70     1.87     1.10     0.80     0.66     0.58     0.53     0.50     0.48
               0.4    13252    19.40     3.57     1.58     1.00     0.76     0.64     0.57     0.52     0.50     0.48
               0.5     7136    13.84     2.96     1.42     0.94     0.73     0.62     0.56     0.52     0.50     0.48
               0.6     3552    10.58     2.59     1.32     0.90     0.72     0.62     0.56     0.52     0.49     0.48
               0.7     1415     8.64     2.38     1.27     0.88     0.71     0.61     0.56     0.52     0.49     0.48
               0.8     9182     7.52     2.25     1.23     0.87     0.70     0.61     0.56     0.52     0.49     0.48
               0.9     -449     6.95     2.19     1.22     0.87     0.70     0.61     0.56     0.52     0.49     0.48
               1.0     -655     6.76     2.17     1.21     0.86     0.70     0.61     0.55     0.52     0.49     0.48

      0.4     0.01  2826249  2581.88   288.94    75.69    27.80    12.16     5.86     2.97     1.53     0.76     0.34 
               0.1   226605   218.57    26.35     7.61     3.18     1.65     1.00     0.68     0.50     0.40     0.34
               0.2    85515    90.30    12.10     3.91     1.85     1.08     0.74     0.55     0.45     0.38     0.34
               0.3    40825    49.68     7.59     2.74     1.42     0.90     0.65     0.51     0.43     0.37     0.34
               0.4    20235    30.96     5.51     2.21     1.23     0.82     0.61     0.49     0.42     0.37     0.34
               0.5     9285    21.00     4.40     1.92     1.13     0.78     0.59     0.48     0.42     0.37     0.34
               0.6     3155    15.43     3.78     1.76     1.07     0.75     0.58     0.48     0.41     0.37     0.34
               0.7     -220    12.36     3.44     1.67     1.04     0.74     0.57     0.48     0.41     0.37     0.34
               0.8    -1874    10.86     3.27     1.63     1.02     0.73     0.57     0.47     0.41     0.37     0.34
               0.9    -2381    10.40     3.22     1.61     1.01     0.73     0.57     0.47     0.41     0.37     0.34
               1.0    -2084    10.67     3.25     1.62     1.02     0.73     0.57     0.47     0.41     0.37     0.34

      0.5     0.01  4284066  3913.92   437.83   114.50    41.88    18.15     8.60     4.22     2.02     0.86     0.21
               0.1   330855   320.10    38.52    10.97     4.44     2.18     1.21     0.72     0.46     0.31     0.21
               0.2   117745   126.36    16.99     5.39     2.42     1.32     0.81     0.54     0.38     0.28     0.21
               0.3    51279    65.94    10.28     3.65     1.79     1.05     0.68     0.48     0.35     0.27     0.21
               0.4    21473    38.84     7.27     2.87     1.51     0.93     0.63     0.45     0.34     0.27     0.21
               0.5     6333    25.07     5.74     2.47     1.37     0.87     0.60     0.44     0.33     0.26     0.21
               0.6    -1476    17.98     4.95     2.27     1.29     0.84     0.58     0.43     0.33     0.26     0.21
               0.7    -5095    14.69     4.58     2.17     1.26     0.82     0.58     0.43     0.33     0.26     0.21
               0.8    -6095    13.78     4.48     2.15     1.25     0.82     0.57     0.43     0.33     0.26     0.21
               0.9    -5350    14.45     4.56     2.17     1.26     0.82     0.58     0.43     0.33     0.26     0.21
               1.0    -3382    16.24     4.76     2.22     1.28     0.83     0.58     0.43     0.33     0.26     0.21

      0.6     0.01  5504380  5031.60   563.14   147.27    53.81    23.25    10.94     5.28     2.45     0.94     0.11
               0.1   402641   393.66    47.81    13.66     5.50     2.64     1.40     0.78     0.44     0.23     0.11 
               0.2   130466   146.22    20.32     6.54     2.92     1.54     0.89     0.54     0.33     0.20     0.11
               0.3    47638    70.93    11.95     4.37     2.13     1.20     0.73     0.46     0.30     0.18     0.11
               0.4    12148    38.66     8.37     3.44     1.80     1.06     0.67     0.43     0.28     0.18     0.11
               0.5    -4407    23.61     6.70     3.00     1.64     0.99     0.64     0.42     0.28     0.18     0.11
               0.6   -11496    17.17     5.98     2.82     1.57     0.97     0.62     0.41     0.27     0.18     0.11
               0.7   -13174    15.64     5.81     2.77     1.56     0.96     0.62     0.41     0.27     0.18     0.11
               0.8   -11471    17.19     5.98     2.82     1.57     0.97     0.62     0.41     0.27     0.18     0.11
               0.9    -7513    20.79     6.38     2.92     1.61     0.98     0.63     0.42     0.27     0.18     0.11
               1.0    -1978    25.82     6.94     3.07     1.66     1.00     0.64     0.42     0.28     0.18     0.11

      0.7     0.01  6102550  5585.24   626.01   163.93    59.95    25.91    12.16     5.84     2.66     0.96     0.02  
               0.1   408796   409.10    50.88    14.82     6.03     2.90     1.51     0.81     0.41     0.17     0.02
               0.2   110348   137.78    20.74     7.01     3.21     1.70     0.96     0.54     0.29     0.13     0.02
               0.3    23407    58.74    11.96     4.73     2.39     1.34     0.79     0.47     0.26     0.12     0.02
               0.4   -10658    27.78     8.52     3.84     2.06     1.21     0.73     0.44     0.24     0.11     0.02
               0.5   -23571    16.04     7.21     3.50     1.94     1.15     0.71     0.43     0.24     0.11     0.02
               0.6   -25910    13.91     6.97     3.44     1.92     1.14     0.70     0.42     0.24     0.11     0.02
               0.7   -22205    17.28     7.35     3.54     1.95     1.16     0.71     0.43     0.24     0.11     0.02
               0.8   -14724    24.08     8.10     3.73     2.02     1.19     0.72     0.43     0.24     0.11     0.02
               0.9    -4725    33.17     9.11     3.99     2.12     1.23     0.74     0.44     0.25     0.11     0.02
               1.0     7037    43.86    10.30     4.30     2.23     1.28     0.76     0.45     0.25     0.11     0.02

      0.8     0.01  5733153  5260.81   591.56   155.44    57.04    24.72    11.63     5.57     2.51     0.87    -0.06   
               0.1   322442   341.98    45.02    13.75     5.80     2.86     1.50     0.79     0.38     0.12    -0.06
               0.2    48524    92.97    17.35     6.57     3.21     1.75     0.99     0.55     0.27     0.08    -0.06
               0.3   -24061    26.98    10.02     4.67     2.52     1.46     0.86     0.48     0.24     0.07    -0.06
               0.4   -46313     6.75     7.77     4.09     2.31     1.37     0.81     0.46     0.23     0.06    -0.06
               0.5   -48432     4.83     7.56     4.03     2.29     1.36     0.81     0.46     0.23     0.06    -0.06
               0.6   -40484    12.05     8.36     4.24     2.37     1.39     0.83     0.47     0.23     0.07    -0.06
               0.7   -26784    24.51     9.75     4.60     2.49     1.45     0.85     0.48     0.24     0.07    -0.06
               0.8    -9488    40.23    11.49     5.05     2.66     1.52     0.88     0.50     0.24     0.07    -0.06
               0.9    10204    58.13    13.48     5.57     2.85     1.60     0.92     0.51     0.25     0.07    -0.06
               1.0    31574    77.56    15.64     6.13     3.05     1.68     0.96     0.53     0.26     0.08    -0.06

      0.9     0.01  4155807  3839.80   435.50   115.50    42.79    18.72     8.87     4.27     1.91     0.62    -0.11 
               0.1   129575   179.59    28.81    10.06     4.66     2.45     1.34     0.71     0.32     0.07    -0.11
               0.2   -56121    10.77    10.05     5.20     2.91     1.70     0.99     0.55     0.25     0.04    -0.11
               0.3   -91365   -21.27     6.49     4.28     2.57     1.56     0.93     0.52     0.24     0.04    -0.11
               0.4   -88995   -19.11     6.73     4.34     2.60     1.57     0.93     0.52     0.24     0.04    -0.11
               0.5   -71580    -3.28     8.49     4.80     2.76     1.64     0.97     0.54     0.24     0.04    -0.11
               0.6   -46643    19.39    11.01     5.45     3.00     1.74     1.01     0.56     0.25     0.04    -0.11
               0.7   -17407    45.97    13.96     6.21     3.27     1.86     1.07     0.58     0.27     0.05    -0.11
               0.8    14516    74.99    17.18     7.05     3.58     1.98     1.13     0.61     0.28     0.05    -0.11
               0.9    48230   105.64    20.59     7.93     3.89     2.12     1.19     0.64     0.29     0.06    -0.11
               1.0    83198   137.43    24.12     8.85     4.23     2.26     1.26     0.67     0.31     0.06    -0.11

      1.0     0.01  1300984  1258.99   150.80    42.29    16.55     7.62     3.78     1.88     0.84     0.23    -0.15
               0.1  -164355   -73.14     2.79     3.92     2.68     1.70     1.04     0.58     0.26     0.03    -0.15  
               0.2  -193659   -99.78    -0.17     3.15     2.40     1.58     0.98     0.56     0.25     0.02    -0.15
               0.3  -166863   -75.42     2.54     3.85     2.65     1.69     1.03     0.58     0.26     0.03    -0.15
               0.4  -126042   -38.31     6.66     4.92     3.04     1.86     1.11     0.62     0.28     0.03    -0.15
               0.5   -79611     3.90    11.35     6.14     3.48     2.04     1.20     0.66     0.29     0.04    -0.15
               0.6   -30375    48.66    16.32     7.43     3.94     2.24     1.29     0.70     0.31     0.04    -0.15
               0.7    20464    94.88    21.46     8.76     4.43     2.45     1.38     0.75     0.33     0.05    -0.15
               0.8    72305   142.01    26.70    10.12     4.92     2.66     1.48     0.79     0.35     0.06    -0.15
               0.9   124813   189.74    32.00    11.49     5.41     2.87     1.58     0.84     0.37     0.07    -0.15
               1.0   177789   237.90    37.35    12.88     5.92     3.08     1.68     0.88     0.39     0.07    -0.15
=====================================================================================================================
'Rev.  orig.,1
'Date  6/93, 7/04, 8/05
'By:   HFB,  HFB,  JAD
