        #        #        #        #        #        #        #        #        #        #        #        #        #
   ED5-4  Bullhead Tee without Vanes, Db1 > or = Db2, Converging (UMC 1985, Report SRF785E)
                                              Cb1
          Qb1/Qc->     0.01      0.1      0.2      0.3      0.4      0.5      0.6      0.7      0.8      0.9      1.0
   Ab1/Ac   Ab2/A
     0.01     0.01    15.90     0.14     0.03     0.01     0.01     0.00     0.00     0.00     0.00     0.00     0.00
               0.1  
               0.2
               0.3    
               0.4
               0.5
               0.6
               0.7
               0.8
               0.9
               1.0

      0.1     0.01     1898    15.13     2.57     1.01     0.53     0.38     0.33     0.32     0.31     0.31     0.29 
               0.1     1550    13.00     2.50     0.94     0.53     0.40     0.36     0.35     0.34     0.33     0.32
               0.2    
               0.3    
               0.4
               0.5
               0.6
               0.7
               0.8
               0.9
               1.0    

      0.2     0.01     8960    67.79    10.01     4.12     1.99     1.33     1.13     1.08     1.07     1.04     0.98
               0.1     6391    51.41     9.29     3.64     1.93     1.39     1.23     1.19     1.17     1.13     1.07
               0.2     5884    47.01     9.31     3.53     1.98     1.51     1.37     1.33     1.30     1.25     1.21
               0.3    
               0.4
               0.5
               0.6
               0.7
               0.8
               0.9
               1.0

      0.3     0.01    23239   168.86    21.96     9.54     4.18     2.56     2.12     2.01     1.98     1.93     1.84 
               0.1    14807   114.34    19.32     7.87     3.92     2.66     2.29     2.21     2.16     2.10     2.00 
               0.2    11785    91.63    17.97     6.77     3.76     2.85     2.59     2.53     2.50     2.44     2.42
               0.3     7837    58.31    10.49     4.11     2.66     2.22     2.02     1.92     1.89     1.90     1.94
               0.4
               0.5
               0.6
               0.7
               0.8
               0.9
               1.0

      0.4     0.01    46788   392.22    38.02    17.02     6.89     3.81     3.00     2.82     2.78     2.72     2.60
               0.1    27087   200.90    31.52    13.44     6.20     3.89     3.22     3.08     3.02     2.94     2.81
               0.2    21109   153.17    28.02     9.38     4.36     2.82     2.44     2.40     2.40     2.33     2.25
               0.3    14219   106.60    18.86     6.12     2.96     2.10     1.94     1.96     1.99     1.97     1.89
               0.4     9779    61.92     9.15     3.15     2.08     1.84     1.74     1.66     1.61     1.58     1.53
               0.5
               0.6
               0.7
               0.8
               0.9
               1.0

      0.5     0.01    81659   559.76    57.81    27.01     0.93     4.79     3.48     3.22     3.19     3.12     3.01
               0.1    43514   310.22    44.84    20.13     8.49     4.76     3.71     3.48     3.43     3.34     3.24
               0.2    29819   220.87    41.25    13.55     5.41     2.43     1.31     0.98     0.99     1.18     1.53
               0.3    22934   158.82    27.92     9.04     3.81     1.96     1.26     1.03     1.04     1.20     1.55
               0.4    13519    94.69    14.21     4.24     2.16     1.49     1.14     0.96     0.98     1.21     1.54
               0.5     5516    54.54    11.83     4.66     2.47     1.56     1.12     0.95     0.99     1.21     1.54
               0.6
               0.7
               0.8
               0.9
               1.0

      0.6     0.01    129904  871.38    80.94    39.48    13.08     5.22     3.28     2.93     2.93     2.87     2.84
               0.1     64375  441.39    58.21    27.73    10.51     4.98     3.42     3.11     3.08     3.01     2.99
               0.2     46540  307.62    56.81    18.96     7.41     3.14     1.70     1.38     1.37     1.35     1.40
               0.3     33458  220.67    38.21    12.46     5.27     2.67     1.69     1.37     1.31     1.34     1.39
               0.4     20457  133.74    19.61     5.97     3.13     2.19     1.67     1.36     1.26     1.32     1.37
               0.5     14017   92.52    11.72     3.37     2.27     1.97     1.64     1.34     1.22     1.30     1.37
               0.6      4297   45.59     8.36     3.18     2.12     1.75     1.47     1.25     1.16     1.23     1.37
               0.7
               0.8
               0.9
               1.0

      0.7     0.01    193577 1274.94   107.05    54.54    16.15     4.82     2.10     1.67     1.72     1.69     1.82
               0.1     89955  593.54    70.58    36.04    11.96     4.21     2.05     1.64     1.66     1.65     1.80
               0.2     57729  387.18    72.11    23.87     9.10     3.71     1.94     1.58     1.58     1.59     1.80
               0.3     42250  278.37    48.90    15.87     6.46     3.12     1.93     1.59     1.52     1.55     1.78
               0.4     26825  169.58    25.67     7.87     3.83     2.52     1.92     1.59     1.46     1.52     1.76
               0.5     18802  117.40    15.68     4.60     2.77     2.27     1.90     1.58     1.42     1.49     1.75
               0.6      8086   68.17    12.32     4.43     2.62     2.03     1.70     1.45     1.32     1.40     1.76
               0.7      2384   54.68    10.55     3.96     2.39     2.09     1.33     1.18     1.28     1.38     1.74
               0.8
               0.9
               1.0

      0.8     0.01   6895147  16551.  2770.75   747.41   102.15     4.50     2.18     1.77     1.84     1.85     2.14 
               0.1    184120   1007.   155.04    55.66    16.55     4.01     2.13     1.74     1.78     1.81     2.13
               0.2     68066  464.54    87.39    28.65    10.60     4.10     2.05     1.67     1.70     1.76     2.22
               0.3     50885  334.87    59.80    19.29     7.52     3.40     2.05     1.71     1.64     1.69     2.19 
               0.4     33707  205.21    32.21     9.94     4.44     2.70     2.05     1.75     1.57     1.61     2.15
               0.5     24196  142.20    20.12     6.03     3.19     2.42     2.04     1.74     1.53     1.59     2.15
               0.6     13482   97.01    17.32     5.92     3.06     2.19     1.83     1.58     1.40     1.48     2.16
               0.7     10076   80.39    15.03     5.33     2.85     2.04     1.66     1.42     1.31     1.48     2.16
               0.8      6669   63.77    12.74     4.75     2.65     1.89     1.49     1.26     1.22     1.48     2.16
               0.9
               1.0

      0.9     0.01 17133344 39787.70  6836.51  1801.73   231.85     3.41     2.06     1.73     1.81     1.88     2.40
               0.1   317353  1569.46   275.76    81.32    22.13     3.20     2.02     1.69     1.76     1.85     2.40
               0.2    75416   535.51   102.03    33.01    11.80     4.27     1.97     1.61     1.73     1.88     2.45
               0.3    54913   386.48    70.70    22.44     8.37     3.52     1.99     1.66     1.68     1.83     2.42
               0.4    33113   226.33    36.61    10.62     4.24     2.33     1.70     1.48     1.45     1.66     2.28
               0.5    23216   164.12    25.31     7.36     3.54     2.48     2.01     1.71     1.59     1.78     2.38
               0.6    14667   124.51    22.08     7.03     3.43     2.35     1.88     1.60     1.50     1.71     2.39
               0.7    10748   102.95    19.16     6.39     3.28     2.27     1.78     1.49     1.44     1.71     2.39
               0.8     6828    81.40    16.24     5.76     3.12     2.19     1.68     1.39     1.38     1.71     2.38
               0.9     7056    71.78    12.88     4.23     2.35     1.80     1.70     1.44     1.34     1.66     2.36
               1.0

      1.0     0.01 99999999 58797.88  6244.07  1126.02   101.89     6.52     0.96     0.97     1.33     1.64     2.47
               0.1  5429724  1947.88   294.42    74.10    16.91     3.78     1.32     1.19     1.39     1.77     2.49
               0.2    79860   596.40   115.37    36.74    12.59     4.14     1.65     1.36     1.61     1.89     2.57
               0.3    56078   431.03    81.14    25.25     8.92     3.38     1.70     1.43     1.58     1.89     2.55
               0.4    29093   238.18    40.07    10.70     3.54     1.53     0.99     0.93     1.13     1.57     2.25
               0.5    19517   183.04    31.06     8.75     3.75     2.35     1.77     1.50     1.54     1.92     2.52
               0.6    15148   155.85    27.45     8.10     3.69     2.38     1.79     1.49     1.53     1.92     2.52
               0.7    10794   128.59    23.82     7.44     3.63     2.42     1.80     1.48     1.51     1.91     2.52
               0.8     6439   101.33    20.19     6.78     3.57     2.45     1.81     1.46     1.49     1.91     2.52
               0.9     3220    74.15    16.58     6.13     3.51     2.49     1.83     1.45     1.48     1.91     2.52
               1.0     0.00    46.98    12.97     5.47     3.45     2.52     1.84     1.44     1.46     1.91     2.52
=====================================================================================================================
        #        #        #        #        #        #        #        #        #        #        #        #        #
   ED5-4  Bullhead Tee without Vanes, Db1 > or = Db2, Converging (UMC 1985, Report SRF785E)
                                              Cb2
          Qb2/Qc->     0.01      0.1      0.2      0.3      0.4      0.5      0.6      0.7      0.8      0.9      1.0
   Ab1/Ac   Ab2/Ac
     0.01     0.01    15.90     0.14     0.03     0.01     0.01     0.00     0.00     0.00     0.00     0.00     0.00
               0.1
               0.2
               0.3
               0.4
               0.5
               0.6
               0.7
               0.8
               0.9
               1.0

      0.1     0.01    14.60     0.15     0.04     0.02     0.01     0.01     0.00     0.00     0.00     0.00     0.00
               0.1     1550    13.00     2.50     0.94     0.53     0.40     0.36     0.35     0.34     0.33     0.32
               0.2
               0.3
               0.4
               0.5
               0.6
               0.7
               0.8
               0.9
               1.0

      0.2     0.01    13.16     0.11     0.02     0.01     0.01     0.00     0.00     0.00     0.00     0.00     0.00
               0.1     1350    11.20     2.19     0.83     0.52     0.41     0.38     0.37     0.36     0.35     0.33
               0.2     5884    47.01     9.31     3.53     1.98     1.51     1.37     1.33     1.30     1.25     1.21
               0.3    
               0.4
               0.5
               0.6
               0.7
               0.8
               0.9
               1.0

      0.3     0.01    11.73     0.09     0.02     0.01     0.01     0.00     0.00     0.00     0.00     0.00     0.00
               0.1     1149     9.39     1.88     0.72     0.50     0.42     0.39     0.38     0.38     0.37     0.35
               0.2     3840    32.02     6.55     2.68     1.70     1.43     1.35     1.31     1.27     1.25     1.31
               0.3     7837    58.31    10.49     4.11     2.66     2.22     2.02     1.92     1.89     1.90     1.94
               0.4
               0.5
               0.6
               0.7
               0.8
               0.9
               1.0

      0.4     0.01    10.29     0.08     0.02     0.01     0.01     0.01     0.01     0.01     0.00     0.00     0.00
               0.1      949     7.59     1.57     0.61     0.49     0.42     0.41     0.40     0.39     0.38     0.37
               0.2     2056    16.97     3.61     1.82     1.45     1.36     1.31     1.28     1.26     1.24     1.22
               0.3     4086    31.60     6.35     3.06     2.34     2.11     1.99     1.90     1.87     1.89     1.97
               0.4     9779    61.92     9.15     3.15     2.08     1.84     1.74     1.66     1.61     1.58     1.53
               0.5
               0.6
               0.7
               0.8
               0.9
               1.0

      0.5     0.01     8.85     0.06     0.02     0.01     0.01     0.01     0.01     0.01     0.01     0.01     0.00
               0.1      749     5.79     1.25     0.49     0.47     0.43     0.42     0.42     0.41     0.40     0.39  
               0.2     1384     9.48     2.22     1.45     1.33     1.31     1.29     1.27     1.25     1.23     1.20
               0.3     2800    20.34     4.25     2.47     2.15     2.03     1.94     1.87     1.85     1.86     1.83
               0.4     4553    34.23     6.19     2.99     2.32     1.99     1.73     1.57     1.57     1.68     1.75
               0.5     5516    54.54    11.83     4.66     2.47     1.56     1.12     0.95     0.99     1.21     1.54
               0.6
               0.7
               0.8
               0.9
               1.0

      0.6     0.01     9.88     0.04     0.01     0.01     0.01     0.01     0.01     0.01     0.01     0.01     0.01
               0.1      527     2.42     0.66     0.52     0.46     0.47     0.48     0.48     0.47     0.45     0.45  
               0.2     1477     7.91     1.98     1.41     1.30     1.28     1.27     1.26     1.24     1.22     1.21
               0.3     2746    16.07     3.54     2.25     2.01     1.94     1.90     1.85     1.82     1.82     1.88
               0.4     4660    25.16     4.79     2.71     2.16     1.86     1.64     1.54     1.53     1.60     1.68
               0.5     5807    38.35     6.49     3.10     2.32     1.83     1.44     1.24     1.26     1.40     1.40
               0.6     4297    45.59     8.36     3.18     2.12     1.75     1.47     1.25     1.16     1.23     1.37
               0.7
               0.8
               0.9
               1.0

       0.7    0.01     5.97     0.03     0.01     0.01     0.01     0.01     0.01     0.01     0.01     0.01     0.01
               0.1      348     2.18     0.63     0.27     0.44     0.45     0.45     0.45     0.44     0.43     0.42
               0.2     1042     7.17     1.95     1.37     1.27     1.25     1.24     1.23     1.21     1.19     1.17
               0.3     2037    14.55     3.47     2.21     1.97     1.90     1.85     1.81     1.79     1.78     1.78
               0.4     3478    22.91     4.61     2.55     2.05     1.79     1.61     1.51     1.51     1.56     1.56
               0.5     4937    34.04     6.11     2.93     2.16     1.72     1.40     1.23     1.24     1.35     1.35
               0.6     5273    42.03     7.96     3.31     2.21     1.81     1.56     1.38     1.30     1.36     1.60
               0.7     2384    54.68    10.55     3.96     2.39     2.09     1.33     1.18     1.28     1.38     1.74
               0.8
               0.9
               1.0

      0.8     0.01     2.05     0.03     0.01     0.00     0.01     0.01     0.01     0.01     0.01     0.01     0.01
               0.1      170     1.93     0.60     0.02     0.42     0.42     0.42     0.42     0.42     0.41     0.40
               0.2      607     6.43     1.91     1.33     1.23     1.22     1.21     1.20     1.19     1.17     1.13
               0.3     1329    13.04     3.40     2.17     1.93     1.86     1.81     1.77     1.76     1.74     1.68
               0.4     2296    20.65     4.43     2.40     1.94     1.73     1.57     1.49     1.49     1.52     1.44
               0.5     4067    29.73     5.73     2.76     2.00     1.62     1.35     1.22     1.22     1.29     1.30
               0.6     6248    38.48     7.55     3.44     2.30     1.87     1.65     1.51     1.44     1.50     1.83
               0.7     6805    50.60    10.02     4.16     2.58     1.99     1.69     1.51     1.45     1.59     2.07
               0.8     6669    63.77    12.74     4.75     2.65     1.89     1.49     1.26     1.22     1.48     2.16
               0.9
               1.0

      0.9     0.01     2.71     0.02     0.01     0.00     0.00     0.00     0.00     0.00     0.00     0.00     0.00  
               0.1      200     1.51     0.45     0.32     0.29     0.27     0.28     0.28     0.28     0.28     0.28
               0.2      539     5.48     1.84     1.31     1.20     1.18     1.18     1.18     1.16     1.15     1.15
               0.3     1191    11.06     3.25     2.13     1.87     1.79     1.76     1.74     1.72     1.71     1.71
               0.4     2076    17.41     4.17     2.32     1.84     1.64     1.53     1.48     1.47     1.48     1.48
               0.5     3474    25.14     5.33     2.62     1.85     1.50     1.31     1.22     1.20     1.24     1.29
               0.6     5188    33.60     7.10     3.35     2.25     1.82     1.62     1.50     1.44     1.47     1.69
               0.7     6197    44.25     9.23     4.10     2.62     2.05     1.77     1.61     1.53     1.59     1.89
               0.8     6965    55.88    11.50     4.75     2.85     2.11     1.74     1.52     1.44     1.55     1.93
               0.9     7056    71.78    12.88     4.23     2.35     1.80     1.70     1.44     1.34     1.66     2.36
               1.0

      1.0     0.01     2.82     0.02     0.01     0.00     0.00     0.00     0.00     0.00     0.00     0.00     0.00  
               0.1      174     1.40     0.52     0.39     0.36     0.34     0.36     0.36     0.36     0.36     0.37
               0.2      472     4.53     1.77     1.29     1.17     1.14     1.15     1.15     1.14     1.13     1.16
               0.3     1053     9.09     3.09     2.09     1.80     1.72     1.71     1.71     1.68     1.67     1.73
               0.4     1856    14.17     3.90     2.25     1.73     1.55     1.49     1.47     1.44     1.45     1.53
               0.5     2882    20.54     4.92     2.47     1.69     1.39     1.26     1.21     1.18     1.19     1.29
               0.6     4128    28.72     6.65     3.26     2.20     1.77     1.59     1.50     1.45     1.45     1.56
               0.7     5589    37.91     8.45     4.04     2.66     2.10     1.94     1.71     1.62     1.60     1.72
               0.8     7260    47.98    10.25     4.76     3.05     2.34     1.99     1.79     1.67     1.62     1.71
               0.9     4594    49.39    11.74     5.23     3.33     2.50     2.01     1.72     1.65     1.80     2.10
               1.0      0.0    46.98    12.97     5.47     3.45     2.52     1.84     1.44     1.46     1.91     2.52
=====================================================================================================================
'Rev.  Orig.,1
'Date  6/93, 7/04, 8/05
'By:   HFB,  HFB,  JAD
