        #        #        #        #        #        #        #        #        #        #        #        #        #
   ER5-1  Smooth Radius Wye of the Type As + Ab > or = Ac, Branch 90 Degrees to Main, Converging (Idelchik 1986,                 Diagram 7-11)
                                               Cb
           Qb/Qc->     0.01      0.1      0.2      0.3      0.4      0.5      0.6      0.7      0.8      0.9      1.0
    As/Ac    Ab/Ac
     0.50     0.25    3777.    24.38	 3.91	  1.04	   0.39	    0.40     0.42     0.41     0.57     0.70     0.66
     0.50     0.50   -6313.   -53.75    -9.06    -2.64    -0.78     0.00     0.28     0.41     0.51     0.59     0.56
     0.50     1.00  -26494.  -210.00   -35.00   -10.00    -3.12    -0.80     0.00     0.41     0.39     0.37     0.36

     0.75     0.25   -1047.    -7.50    -0.63     0.28     0.63     0.75     0.83     0.87     0.87     0.85     0.86
     0.75     0.50   -2831.   -25.00    -3.75    -0.56     0.16     0.30     0.42     0.51     0.57     0.62     0.59
     0.75     1.00  -15483.  -120.00   -20.00    -4.44    -1.25     0.00     0.44     0.49     0.50     0.47     0.41

     1.00     0.25    -444.    -3.13     0.00     0.35     0.47     0.55     0.64     0.74     0.82     0.88     0.95
     1.00     0.50   -1296.   -12.50    -1.25     0.00     0.39     0.45     0.49     0.51     0.59     0.62     0.60
     1.00     1.00   -7562.   -60.00    -7.50    -1.11    -0.25     0.52     0.58     0.59     0.56     0.52     0.51
=====================================================================================================================
        #        #        #        #        #        #        #        #        #        #        #        #        #
  ER5-1  Smooth Radius Wye of the Type As + Ab > or = Ac, Branch 90 Degrees to Main, Converging (Idelchik 1986,                 Diagram 7-11)
                                               Cs
           Qs/Qc->     0.01      0.1      0.2      0.3      0.4      0.5      0.6      0.7      0.8      0.9      1.0
    As/Ac    Ab/Ac
     0.50     0.25   -6284    -47.50    -7.75    -2.01	  -0.32     0.25     0.44     0.49     0.48     0.40     0.37
     0.50     0.50   -4503.   -32.50    -5.00    -1.11     0.00     0.35     0.45     0.46     0.43     0.35     0.32
     0.50     1.00    -941.    -2.50     0.50     0.69     0.63     0.55     0.47     0.41     0.34     0.25     0.22

     0.75     0.25  -18810.  -146.25   -28.12    -9.06    -3.23    -1.01    -0.16     0.23     0.26     0.21     0.20
     0.75     0.50   -4918.   -32.63    -5.91    -1.44    -0.11     0.27     0.39     0.37     0.31     0.19     0.16
     0.75     1.00   -1606.   -12.38    -1.13     0.31     0.63     0.61     0.55     0.44     0.32     0.52     0.40

     1.00     0.25   -7410.   -63.00   -13.88    -5.06    -2.26    -0.94    -0.36     0.03     0.19     0.21     0.32
     1.00     0.50   -5812.   -46.00    -9.25    -3.00    -1.13    -0.32     0.00     0.20     0.25     0.21     0.25
     1.00     1.00   -2615.   -12.00     0.00     1.11     1.13     0.92     0.72     0.55     0.38     0.22     0.12
=====================================================================================================================
'Rev.  Orig.,1
'Date  6/93,2/06
'By:   HFB,HFB
