        #        #        #        #        #        #        #        #        #        #        #         #
 SD5-18  Bullhead Tee without Vanes, Diverging (Sepsy 1969)
                                                       Cb1
 Qb1/Qc->     0.01      0.1      0.2      0.3      0.4      0.5      0.6      0.7      0.8      0.9       1.0
   Ab1/Ac
     0.01     1.02     0.01     0.00     0.00     0.00     0.00     0.00     0.00     0.00     0.00      0.00
      0.1    98.73     1.02     0.30     0.13     0.08     0.05     0.03     0.02     0.02     0.01      0.01
      0.2      402     2.90     1.02     0.54     0.30     0.19     0.13     0.10     0.08     0.06      0.05
      0.3      905     7.27     1.69     1.02     0.68     0.44     0.30     0.22     0.17     0.13      0.11
      0.4     1608    14.00     2.90     1.42     1.02     0.77     0.54     0.40     0.30     0.24      0.19
      0.5     2511    22.94     4.77     2.02     1.31     1.02     0.82     0.62     0.47     0.37      0.30
      0.6     3615    33.99     7.27     2.90     1.69     1.25     1.02     0.85     0.68     0.54      0.44
      0.7     4918    47.12    10.35     4.08     2.21     1.52     1.21     1.02     0.88     0.73      0.59
      0.8     6421    62.29    14.00     5.54     2.90     1.88     1.42     1.18     1.02     0.90      0.77
      0.9     8125    79.50    18.20     7.27     3.76     2.34     1.69     1.35     1.16     1.02      0.91
      1.0    10028    98.73    22.94     9.26     4.77     2.90     2.02     1.56     1.31     1.14      1.02
=============================================================================================================
'Rev.  Orig.,1                       For the other branch, subscripts 1 and 2 change places. 
'Date  6/93, 11/04, 8/05
'By:   HFB,  HFB,   JAD
