        #        #        #        #        #        #        #        #        #        #        #        #
 SD5-3  Wye, 45 Degree, Conical Branch, Diverging (Jones & Sepsy 1969, Fig. 14)
                                                        Cb
  Qb/Qc->     0.01      0.1      0.2      0.3      0.4      0.5      0.6      0.7      0.8      0.9      1.0
    Ab/Ac
     0.01     0.17     0.03     0.01     0.01     0.01     0.01     0.00     0.00     0.00     0.00     0.00
      0.1    91.60     0.17     0.06     0.06     0.05     0.05     0.04     0.03     0.03     0.03     0.03
      0.2      386     2.06     0.17     0.05     0.06     0.06     0.06     0.06     0.05     0.05     0.05
      0.3      882     6.12     0.83     0.17     0.06     0.06     0.06     0.07     0.06     0.06     0.06
      0.4     1580    12.23     2.06     0.55     0.17     0.07     0.05     0.06     0.06     0.07     0.06
      0.5     2481    20.39     3.83     1.18     0.43     0.17     0.08     0.05     0.06     0.06     0.06
      0.6     3584    30.58     6.12     2.06     0.83     0.36     0.17     0.09     0.06     0.05     0.06
      0.7     4889    42.80     8.92     3.18     1.38     0.66     0.33     0.17     0.10     0.06     0.05
      0.8     6396    57.04    12.23     4.53     2.06     1.04     0.55     0.30     0.17     0.10     0.07
      0.9     8105    73.31    16.06     6.12     2.88     1.51     0.83     0.48     0.28     0.17     0.11
      1.0    10016    91.60    20.39     7.93     3.83     2.06     1.18     0.70     0.43     0.27     0.17
============================================================================================================
        #        #        #        #        #        #        #        #        #        #        #        #
 SD5-3  Wye, 45 Degree, Conical Branch, Diverging (UMC 1986, Report SRF386)
                                                        Cs
  Qs/Qc->     0.01      0.1      0.2      0.3      0.4      0.5      0.6      0.7      0.8      0.9      1.0
    As/Ac
     0.01     0.13     0.52     0.30     0.20     0.16     0.13     0.11     0.09     0.08     0.07     0.06
      0.1    45.00     0.13     0.24     0.57     0.74     0.74     0.70     0.65     0.60     0.56     0.52
      0.2      260     0.20     0.13     0.15     0.16     0.28     0.57     0.69     0.74     0.75     0.74
      0.3      702     0.90     0.14     0.13     0.14     0.15     0.16     0.20     0.42     0.57     0.66
      0.4     1248     2.88     0.20     0.14     0.13     0.14     0.15     0.15     0.16     0.34     0.28
      0.5     2000     6.25     0.38     0.17     0.14     0.13     0.14     0.14     0.15     0.15     0.16
      0.6     2880    11.88     0.90     0.20     0.14     0.14     0.13     0.14     0.14     0.15     0.15
      0.7     4165    18.62     1.72     0.33     0.18     0.16     0.14     0.13     0.15     0.14     0.16
      0.8     5440    26.88     2.88     0.50     0.20     0.15     0.14     0.13     0.13     0.14     0.14
      0.9     6885    36.45     4.46     0.90     0.30     0.19     0.16     0.15     0.14     0.13     0.15
      1.0     8500    45.00     6.25     1.44     0.38     0.20     0.17     0.12     0.13     0.14     0.13
============================================================================================================
'Rev.  Orig.,1
'Date  6/93, 10/04, 8/05
'By:   HFB,  HFB,   JAD
