        #        #        #        #        #        #        #        #        #        #        #        #
 SD5-9    Tee, Diverging (UMC 1986, Report SRF386)
                                                        Cb
  Qb/Qc->     0.01      0.1      0.2      0.3      0.4      0.5      0.6      0.7      0.8      0.9      1.0
    Ab/Ac
     0.01     1.20     8.82    38.61    89.87      163      257      372      510      668      848     1050
      0.1    99.60     1.20     0.62     0.80     1.28     1.99     2.92     4.07     5.44     7.02     8.82
      0.2      400     4.10     1.20     0.72     0.62     0.66     0.80     1.01     1.28     1.60     1.99
      0.3      903     8.99     2.40     1.20     0.81     0.66     0.62     0.64     0.70     0.80     0.93
      0.4     1607    15.89     4.10     1.94     1.20     0.88     0.72     0.64     0.62     0.63     0.66
      0.5     2513    24.80     6.29     2.91     1.74     1.20     0.92     0.77     0.68     0.63     0.62
      0.6     3621    35.73     8.99     4.10     2.40     1.62     1.20     0.96     0.81     0.72     0.66
      0.7     4930    48.67    12.19     5.51     3.19     2.12     1.55     1.20     0.99     0.85     0.75
      0.8     6441    63.63    15.89     7.14     4.10     2.70     1.94     1.49     1.20     1.01     0.88
      0.9     8154    80.60    20.10     8.99     5.13     3.36     2.40     1.83     1.46     1.20     1.03
      1.0    10069    99.60    24.80    11.07     6.29     4.10     2.91     2.20     1.74     1.43     1.20
============================================================================================================
        #        #        #        #        #        #        #        #        #        #        #        #
 SD5-9    Tee, Diverging (UMC 1986, Report SRF386)
                                                        Cs
  Qs/Qc->     0.01      0.1      0.2      0.3      0.4      0.5      0.6      0.7      0.8      0.9      1.0
    As/Ac
     0.01     0.13     0.52     0.30     0.20     0.16     0.13     0.11     0.09     0.08     0.07     0.06
      0.1    45.00     0.13     0.24     0.57     0.74     0.74     0.70     0.65     0.60     0.56     0.52
      0.2      260     0.20     0.13     0.15     0.16     0.28     0.57     0.69     0.74     0.75     0.74
      0.3      702     0.90     0.14     0.13     0.14     0.15     0.16     0.20     0.42     0.57     0.66
      0.4     1248     2.88     0.20     0.14     0.13     0.14     0.15     0.15     0.16     0.34     0.28
      0.5     2000     6.25     0.38     0.17     0.14     0.13     0.14     0.14     0.15     0.15     0.16
      0.6     2880    11.88     0.90     0.20     0.14     0.14     0.13     0.14     0.14     0.15     0.15
      0.7     4165    18.62     1.72     0.33     0.18     0.16     0.14     0.13     0.15     0.14     0.16
      0.8     5440    26.88     2.88     0.50     0.20     0.15     0.14     0.13     0.13     0.14     0.14
      0.9     6885    36.45     4.46     0.90     0.30     0.19     0.16     0.15     0.14     0.13     0.15
      1.0     8500    45.00     6.25     1.44     0.38     0.20     0.17     0.12     0.13     0.14     0.13
============================================================================================================
'Rev.  Orig.,1
'Date  6/93, 10/04, 8/05
'By:   HFB,  HFB,   JAD
