        #        #        #        #        #        #        #        #        #        #        #        #
 SD5-1    Wye, 45 Degree, Diverging (UMC 1986, Report SRF386)
                                                        Cb
 Qb/Qc ->     0.01      0.1      0.2      0.3      0.4      0.5      0.6      0.7      0.8      0.9      1.0
    Ab/Ac
     0.01     0.38     0.24     0.13    0.09      0.07     0.06     0.05     0.04     0.03     0.03     0.03
      0.1    91.92     0.38     0.38    0.48      0.45     0.40     0.36     0.32     0.29     0.26     0.24
      0.2     387.     2.25     0.38    0.31      0.38     0.47     0.48     0.47     0.45     0.42     0.40
      0.3     884.     6.29     1.02    0.38      0.30     0.33     0.38     0.45     0.48     0.48     0.48
      0.4    1585.    12.41     2.25    0.74      0.38     0.30     0.31     0.35     0.38     0.44     0.47
      0.5    2488.    20.58     4.01    1.37      0.62     0.38     0.30     0.30     0.32     0.36     0.38
      0.6    3594.    30.78     6.29    2.25      1.02     0.56     0.38     0.31     0.30     0.31     0.33
      0.7    4902.    43.02     9.10    3.36      1.57     0.85     0.52     0.38     0.31     0.30     0.30
      0.8    6414.    57.29    12.41    4.71      2.25     1.22     0.74     0.50     0.38     0.32     0.30
      0.9    8128.    73.59    16.24    6.29      3.06     1.69     1.02     0.67     0.48     0.38     0.32
      1.0   10045.    91.92    20.58    8.11      4.01     2.25     1.37     0.90     0.62     0.47     0.38
============================================================================================================
        #        #        #        #        #        #        #        #        #        #        #        #
 SD5-1    Wye, 45 Degree, Diverging (UMC 1986, Report SRF386)
                                                        Cs
  Qs/Qc->     0.01      0.1      0.2      0.3      0.4      0.5      0.6      0.7      0.8      0.9      1.0
    As/Ac
     0.01     0.13     0.52     0.30     0.20     0.16     0.13     0.11     0.09     0.08     0.07     0.06
      0.1    45.00     0.13     0.24     0.57     0.74     0.74     0.70     0.65     0.60     0.56     0.52
      0.2      260     0.20     0.13     0.15     0.16     0.28     0.57     0.69     0.74     0.75     0.74
      0.3      702     0.90     0.14     0.13     0.14     0.15     0.16     0.20     0.42     0.57     0.66
      0.4     1248     2.88     0.20     0.14     0.13     0.14     0.15     0.15     0.16     0.34     0.28
      0.5     2000     6.25     0.38     0.17     0.14     0.13     0.14     0.14     0.15     0.15     0.16
      0.6     2880    11.88     0.90     0.20     0.14     0.14     0.13     0.14     0.14     0.15     0.15
      0.7     4165    18.62     1.72     0.33     0.18     0.16     0.14     0.13     0.15     0.14     0.16
      0.8     5440    26.88     2.88     0.50     0.20     0.15     0.14     0.13     0.13     0.14     0.14
      0.9     6885    36.45     4.46     0.90     0.30     0.19     0.16     0.15     0.14     0.13     0.15
      1.0     8500    45.00     6.25     1.44     0.38     0.20     0.17     0.12     0.13     0.14     0.13

============================================================================================================
'Rev.  Orig.,1
'Date  6/93, 10/04, 8/05
'By:   HFB,  HFB,   JAD
