        #        #        #        #        #        #        #        #        #        #        #        #
 SR5-13   Tee, 45 Degree Entry Branch, Diverging (Brooks 1993)
                                     Cb
  Qb/Qc->     0.01      0.1      0.2      0.3      0.4      0.5      0.6      0.7      0.8      0.9      1.0
    Ab/Ac
     0.01     0.20     0.20     0.20     0.20     0.20     0.32     0.47     0.47     0.47     0.48     0.48
      0.1     0.32     0.32     0.33     0.32     0.34     0.32     0.37     0.38     0.39     0.40     0.41
      0.2     0.31     0.31     0.32     0.41     0.34     0.32     0.32     0.33     0.34     0.35     0.36
      0.3     2.36     1.86     1.65     0.73     0.47     0.37     0.34     0.32     0.32     0.32     0.32
      0.4     4.58     3.56     3.10     1.28     0.73     0.51     0.41     0.36     0.34     0.32     0.32
      0.5     7.41     5.74     4.93     2.07     1.12     0.73     0.54     0.44     0.38     0.35     0.35
      0.6    10.96     8.48     7.24     3.10     1.65     1.03     0.73     0.56     0.47     0.41     0.38
      0.7    15.18    11.75    10.00     4.32     3.31     1.42     0.98     0.73     0.58     0.49     0.46
      0.8    20.12    15.57    13.22     5.74     3.10     1.90     1.28     0.94     0.73     0.60     0.59
      0.9    25.71    19.92    16.90     7.38     4.02     2.46     1.65     1.19     0.91     0.73     0.71
      1.0    31.87    24.69    21.03     9.02     4.94     3.10     2.07     1.49     1.12     0.90     0.88
============================================================================================================
        #        #        #        #        #        #        #        #        #        #        #        #
 SR5-13   Tee, 45 Degree Entry Branch, Diverging (Brooks 1993)
                                     Cs
  Qs/Qc->     0.01      0.1      0.2      0.3      0.4      0.5      0.6      0.7      0.8      0.9      1.0
    As/Ac
     0.01     2.36     0.00     0.00     0.00     0.00     0.00     0.00     0.00     0.00     0.00     0.00
      0.1     3.05     0.04     0.01     0.00     0.00     0.00     0.00     0.00     0.00     0.00     0.00
      0.2    11.18     0.98     0.04     0.01     0.00     0.00     0.00     0.00     0.00     0.00     0.00
      0.3    24.67     3.48     0.31     0.04     0.01     0.00     0.00     0.00     0.00     0.00     0.00
      0.4    37.37     7.55     0.98     0.18     0.04     0.02     0.00     0.00     0.00     0.00     0.00
      0.5    49.89    13.18     2.03     0.49     0.13     0.04     0.00     0.01     0.00     0.00     0.00
      0.6    85.59    20.38     3.48     0.98     0.31     0.10     0.04     0.02     0.01     0.00     0.00    
      0.7      133    29.15     5.32     1.64     0.60     0.23     0.09     0.04     0.02     0.01     0.00
      0.8      164    39.48     7.55     2.47     0.98     0.42     0.18     0.08     0.04     0.02     0.01
      0.9      197    51.37    10.17     3.48     1.46     0.67     0.31     0.15     0.07     0.04     0.02
      1.0      252    64.83    13.18     4.66     2.04     0.99     0.48     0.24     0.12     0.06     0.03
============================================================================================================
'Rev.  Orig., 1
'Date  6/93, 1/06
'By:   HFB, HFB
