        #        #        #        #        #        #        #        #        #        #        #        #
 SR5-15  Bullhead Tee without Vanes, Diverging (Idelchik 1986, Diagrams 7-15 & 7-30)
                                              Cb1
 Qb1/Qc->     0.01      0.1      0.2      0.3      0.4      0.5      0.6      0.7      0.8      0.9      1.0
   Ab1/Ac   
     0.01     1.42     0.32     0.29     0.27     0.25     0.26     0.26     0.26     0.26     0.26     0.26
      0.1     110.     1.34     0.53     0.37     0.30     0.29     0.28     0.27     0.27     0.27     0.26
      0.2     438.     4.43     1.25     0.66     0.45     0.39     0.35     0.32     0.31     0.30     0.29
      0.3     984.     9.58     2.45     1.16     0.71     0.56     0.47     0.41     0.37     0.35     0.33
      0.4    1750.    16.87     4.17     1.88     1.09     0.73     0.53     0.38     0.33     0.30     0.28
      0.5    2734.    26.19     6.35     2.79     1.56     1.01     0.71     0.49     0.41     0.37     0.33
      0.6    3937.    37.57     9.02     3.89     2.14     1.35     0.92     0.62     0.52     0.45     0.40
      0.7    5358.    51.03    12.17     5.20     2.82     1.75     1.18     0.78     0.64     0.54     0.47
      0.8    6999.    66.55    15.81     6.71     3.61     2.22     1.48     0.96     0.78     0.65     0.56
      0.9    8858.    84.15    19.93     8.42     4.50     2.74     1.81     1.17     0.94     0.78     0.67
      1.0   10935.   103.81    24.54    10.33     5.50     3.33     2.19     1.40     1.12     0.92     0.78
============================================================================================================
'Rev.  Orig.,1                       For the other branch, subscripts 1 and 2 change places.
'Date  6/93,3/06
'By:   HFB,PJB
