        #        #        #        #        #        #        #        #        #        #        #        #        #
 SR5-1  Smooth Radius Wye of the Type As + Ab > or = Ac, Branch 90 Degrees to Main, Diverging (Idelchik 1986, Diagram 7-21)
                                              Cb
           Qb/Qc->     0.01      0.1      0.2      0.3      0.4      0.5      0.6      0.7      0.8      0.9      1.0
    As/Ac    Ab/Ac
     0.50     0.25     293.     2.25     0.48     0.25     0.18     0.17     0.16     0.17     0.17     0.17     0.18
              0.50    1419.    11.00     2.38     1.06     0.64     0.52     0.47     0.47     0.47     0.48     0.49
              1.00    7648.    60.00    13.00     4.78     2.06     0.96     0.47     0.31     0.27     0.26     0.23

     0.75     0.25     238.     2.19     0.55     0.35     0.31     0.33     0.35     0.36     0.37     0.39     0.42
              0.50    1951.    13.00     2.50     0.89     0.47     0.34     0.31     0.32     0.36     0.43     0.44
              1.00    8429.    70.00    15.00     5.67     2.63     1.36     0.78     0.53     0.41     0.36     0.31

     1.00     0.25     703.     3.44     0.78     0.42     0.33     0.30     0.31     0.40     0.42     0.46     0.48
              0.50    2086.    15.50     3.00     1.11     0.63     0.48     0.42     0.40     0.42     0.46     0.48
              1.00    8107.    67.00    13.75     5.11     2.31     1.28     0.81     0.59     0.47     0.46     0.43
=====================================================================================================================
        #        #        #        #        #        #        #        #        #        #                 #        #
 SR5-1  Smooth Radius Wye of the Type As + Ab > or = Ac, Branch 90 Degrees to Main, Diverging (Idelchik 1986, Diagram 7-21)
                                              Cs
           Qs/Qc->     0.01      0.1      0.2      0.3      0.4      0.5      0.6      0.7      0.8      0.9      1.0
    As/Ac    Ab/Ac
     0.50     0.25    1373.     8.65     1.12     0.21     0.05     0.06     0.10     0.15     0.19     0.24     0.28
              0.50    1194.     7.50     0.98     0.19     0.06     0.06     0.10     0.14     0.18     0.22     0.26
              1.00     835.     5.21     0.68     0.15     0.06     0.07     0.10     0.13     0.16     0.19     0.21

     0.75     0.25    2671.    19.62     3.25     0.86     0.23     0.05     0.02     0.00     0.02     0.05     0.08
              0.50    2882.    20.62     3.24     0.76     0.14    -0.03    -0.07    -0.05    -0.01     0.03     0.07
              1.00    2441.    17.01     2.55     0.55     0.07    -0.05    -0.05    -0.02     0.02     0.06     0.10

     1.00     0.25    5880.    46.00     9.50     3.22     1.31     0.52     0.14    -0.02    -0.05    -0.01     0.05
              0.50    4488.    35.34     6.49     1.98     0.69     0.22     0.03    -0.04    -0.05    -0.05     0.04
              1.00    4973.    38.95     7.10     2.15     0.74     0.23     0.03    -0.04    -0.05    -0.04    -0.02
=====================================================================================================================
'Rev.  Orig., 1
'Date  6/93, 1/06
'By:   HFB, HFB
